PM2.5(微克每立方米),PM10(微克每立方米),SO2(微克每立方米),NO2(微克每立方米),CO(毫克每立方米),O3(微克每立方米),U(m/s),V(m/s),TEMP(K),RH(%),PSFC(Pa),lat,lon,AQI,Major pollutants,id
36.029999,59.380001,11.180000,18.370001,0.480000,66.930000,-2.720000,-1.730000,286.359985,50.220001,101478.539062,29.7,116.68,54.690002,PM10,9480
32.860001,54.150002,11.060000,17.700001,0.470000,66.480003,-4.000000,-1.500000,286.480011,49.509998,100919.179688,29.69,116.84,52.075001,PM10,9481
31.209999,53.250000,13.250000,21.570000,0.540000,65.589996,-5.560000,-0.470000,284.920013,57.959999,97156.492188,29.61,117.61,51.625000,PM10,9486
33.459999,57.410000,13.460000,22.580000,0.560000,64.720001,-5.220000,-0.800000,283.570007,63.950001,96018.117188,29.59,117.77,53.705002,PM10,9487
33.540001,58.180000,14.110000,23.660000,0.570000,65.760002,-4.610000,-1.210000,283.850006,64.250000,96827.492188,29.58,117.92,54.090000,PM10,9488
33.290001,58.189999,14.510000,24.600000,0.580000,67.300003,-4.880000,-0.430000,284.299988,63.290001,97151.117188,29.56,118.08,54.095001,PM10,9489
33.180000,57.660000,13.970000,24.799999,0.570000,67.510002,-5.360000,0.670000,283.760010,65.970001,96473.140625,29.54,118.23,53.830002,PM10,9490
31.889999,55.040001,12.730000,23.540001,0.550000,68.800003,-4.890000,0.270000,282.859985,70.430000,96010.289062,29.53,118.39,52.520000,PM10,9491
48.910000,79.110001,12.350000,23.280001,0.560000,73.349998,-3.360000,-1.610000,287.640015,52.180000,102520.773438,29.88,116.23,67.387497,PM2.5,9714
47.919998,77.620003,11.760000,22.080000,0.540000,78.199997,-2.960000,-2.050000,287.350006,55.880001,102385.820312,29.87,116.39,66.149994,PM2.5,9715
34.139999,56.520000,10.960000,19.040001,0.480000,67.019997,-3.900000,-0.940000,286.269989,49.869999,100615.648438,29.82,116.85,53.260002,PM10,9718
33.110001,54.759998,11.080000,19.070000,0.480000,66.339996,-4.350000,-0.580000,285.220001,53.080002,99333.437500,29.81,117.01,52.379997,PM10,9719
32.410000,55.130001,12.310000,21.299999,0.540000,65.949997,-4.630000,-1.860000,285.820007,55.430000,100615.906250,29.76,117.48,52.565002,PM10,9722
33.349998,56.990002,12.760000,22.240000,0.560000,65.599998,-5.120000,-0.850000,285.079987,58.400002,99251.023438,29.74,117.63,53.495003,PM10,9723
34.639999,59.340000,13.120000,23.000000,0.570000,65.489998,-4.660000,0.090000,284.200012,62.020000,98241.148438,29.73,117.79,54.669998,PM10,9724
35.740002,61.610001,13.440000,24.090000,0.590000,65.419998,-3.800000,-0.350000,284.130005,63.400002,98572.320312,29.71,117.94,55.805000,PM10,9725
35.750000,62.360001,13.970000,25.530001,0.610000,66.400002,-3.240000,-0.780000,284.730011,62.599998,99438.921875,29.69,118.1,56.180000,PM10,9726
33.709999,59.590000,13.900000,25.860001,0.600000,67.050003,-3.680000,-0.090000,285.440002,61.099998,99902.820312,29.68,118.25,54.794998,PM10,9727
30.570000,53.730000,12.240000,23.150000,0.550000,68.930000,-4.910000,0.960000,284.510010,64.820000,98149.750000,29.66,118.41,51.864998,PM10,9728
28.490000,49.290001,10.500000,20.900000,0.510000,70.260002,-5.120000,0.430000,283.559998,69.580002,97039.546875,29.64,118.56,49.290001,PM10,9729
54.220001,86.120003,12.760000,27.670000,0.660000,69.709999,-2.840000,-2.420000,286.589996,46.709999,102404.531250,30.03,116.09,74.025002,PM2.5,9953
53.189999,84.370003,12.420000,25.290001,0.600000,77.120003,-3.240000,-2.290000,287.510010,54.029999,102409.851562,30.02,116.25,72.737495,PM2.5,9954
51.750000,82.599998,12.180000,25.070000,0.580000,77.470001,-2.870000,-2.240000,287.549988,54.049999,102583.609375,30.0,116.4,70.937500,PM2.5,9955
49.939999,80.269997,11.910000,25.330000,0.570000,74.830002,-2.190000,-2.040000,287.040009,54.919998,102564.757812,29.99,116.56,68.674995,PM2.5,9956
33.590000,55.849998,10.730000,20.709999,0.490000,66.070000,-4.280000,0.080000,285.649994,50.610001,99480.187500,29.94,117.03,52.924999,PM10,9959
32.830002,54.299999,10.690000,19.790001,0.500000,65.550003,-4.650000,0.060000,284.859985,53.419998,98322.953125,29.93,117.18,52.150002,PM10,9960
32.630001,54.299999,10.810000,19.770000,0.510000,65.000000,-4.680000,-0.830000,284.970001,54.369999,98793.453125,29.91,117.34,52.150002,PM10,9961
33.099998,55.560001,11.140000,20.830000,0.530000,64.550003,-4.750000,-1.600000,284.989990,55.660000,99104.703125,29.89,117.49,52.779999,PM10,9962
34.540001,58.340000,11.660000,22.160000,0.560000,64.269997,-4.210000,-1.500000,284.589996,58.410000,99125.210938,29.88,117.65,54.169998,PM10,9963
35.740002,60.830002,12.150000,23.520000,0.590000,64.379997,-3.870000,-0.240000,284.820007,59.279999,99629.093750,29.86,117.81,55.415001,PM10,9964
35.900002,62.020000,12.580000,24.680000,0.610000,64.820000,-4.220000,-0.330000,285.119995,59.180000,99651.476562,29.85,117.96,56.010002,PM10,9965
35.970001,62.900002,12.810000,25.870001,0.620000,65.449997,-3.850000,-1.560000,285.450012,59.389999,100014.796875,29.83,118.12,56.450001,PM10,9966
35.900002,63.360001,12.900000,27.170000,0.640000,66.230003,-2.830000,-2.030000,286.160004,58.779999,101251.070312,29.81,118.27,56.680000,PM10,9967
30.299999,53.830002,11.340000,23.549999,0.560000,69.040001,-3.120000,-0.630000,285.980011,60.759998,100678.343750,29.8,118.43,51.915001,PM10,9968
27.570000,47.950001,9.750000,20.920000,0.510000,70.169998,-4.620000,0.850000,285.100006,65.059998,98734.328125,29.78,118.58,47.950001,PM10,9969
28.270000,48.660000,9.440000,21.690001,0.510000,70.199997,-5.490000,-0.370000,284.529999,67.949997,97745.343750,29.76,118.74,48.660000,PM10,9970
54.520000,86.760002,12.570000,30.100000,0.690000,65.739998,-2.410000,-2.900000,286.220001,40.570000,102156.523438,30.17,116.11,74.400002,PM2.5,10194
56.540001,89.949997,12.750000,30.680000,0.680000,67.209999,-2.380000,-2.630000,286.130005,44.040001,102327.531250,30.15,116.26,76.925003,PM2.5,10195
58.980000,93.949997,13.160000,31.910000,0.660000,73.970001,-2.130000,-2.370000,286.820007,51.520000,102468.312500,30.14,116.42,79.974998,PM2.5,10196
57.990002,92.180000,12.900000,33.980000,0.660000,67.139999,-1.770000,-2.270000,286.059998,46.360001,102565.617188,30.12,116.58,78.737503,PM2.5,10197
49.119999,78.209999,11.760000,28.940001,0.580000,67.790001,-2.030000,-1.580000,286.540009,50.060001,102317.257812,30.11,116.73,67.650002,PM2.5,10198
42.490002,69.500000,11.240000,26.080000,0.540000,68.790001,-2.190000,-1.240000,286.540009,48.680000,101718.273438,30.09,116.89,59.750000,PM10,10199
35.560001,59.570000,11.040000,24.700001,0.520000,66.160004,-2.630000,-0.290000,286.160004,49.410000,100618.789062,30.08,117.04,54.785000,PM10,10200
32.709999,54.770000,10.810000,22.639999,0.510000,65.610001,-3.880000,0.680000,285.730011,50.599998,99162.773438,30.06,117.2,52.385002,PM10,10201
31.430000,52.639999,10.670000,21.360001,0.520000,65.180000,-4.950000,0.550000,285.019989,52.639999,97880.171875,30.05,117.36,51.320000,PM10,10202
31.240000,52.500000,10.890000,21.379999,0.530000,65.510002,-5.060000,-0.250000,284.089996,55.759998,96751.203125,30.03,117.51,51.250000,PM10,10203
32.919998,55.810001,11.140000,22.280001,0.560000,64.870003,-4.170000,-0.670000,283.649994,58.849998,96807.937500,30.01,117.67,52.904999,PM10,10204
33.869999,58.150002,11.380000,23.260000,0.580000,64.790001,-4.070000,0.060000,284.570007,57.830002,98051.187500,30.0,117.82,54.075001,PM10,10205
34.740002,60.250000,11.500000,24.200001,0.600000,64.660004,-5.120000,0.420000,284.940002,58.209999,97759.992188,29.98,117.98,55.125000,PM10,10206
35.939999,62.150002,11.500000,25.090000,0.620000,65.300003,-4.930000,-0.890000,283.880005,62.849998,96458.882812,29.96,118.14,56.075001,PM10,10207
37.410000,64.779999,11.470000,26.870001,0.640000,65.599998,-3.100000,-1.990000,284.390015,63.439999,97837.312500,29.95,118.29,57.389999,PM10,10208
32.419998,57.110001,10.540000,24.389999,0.580000,68.529999,-1.970000,-1.610000,285.750000,60.639999,100304.953125,29.93,118.45,53.555000,PM10,10209
27.389999,47.779999,9.070000,21.500000,0.510000,70.300003,-3.580000,0.360000,286.250000,60.990002,100283.710938,29.91,118.6,47.779999,PM10,10210
28.740000,49.090000,8.710000,21.740000,0.500000,70.220001,-5.890000,-0.340000,284.739990,66.760002,97507.031250,29.9,118.76,49.090000,PM10,10211
48.799999,76.900002,12.030000,27.010000,0.650000,67.269997,-3.520000,-1.120000,285.290009,40.209999,99188.093750,30.31,115.97,67.250000,PM2.5,10434
53.759998,85.550003,12.180000,31.059999,0.690000,65.809998,-2.420000,-2.550000,285.679993,40.459999,100737.953125,30.3,116.12,73.449997,PM2.5,10435
57.310001,92.489998,12.590000,34.750000,0.720000,65.050003,-1.790000,-2.820000,286.209991,39.740002,102288.203125,30.29,116.28,77.887505,PM2.5,10436
61.439999,99.309998,13.340000,38.400002,0.740000,65.389999,-1.650000,-2.620000,285.850006,40.860001,102329.390625,30.27,116.44,83.049995,PM2.5,10437
62.820000,100.750000,13.880000,40.389999,0.720000,66.120003,-1.360000,-2.210000,286.059998,46.090000,102318.640625,30.26,116.59,84.775002,PM2.5,10438
55.900002,88.839996,12.900000,36.330002,0.640000,68.050003,-1.690000,-1.700000,286.640015,49.849998,102565.250000,30.24,116.75,76.125000,PM2.5,10439
47.980000,78.309998,11.810000,30.480000,0.580000,73.449997,-1.890000,-1.450000,287.230011,53.820000,102404.968750,30.23,116.91,66.224998,PM2.5,10440
40.119999,66.949997,11.100000,29.540001,0.560000,65.730003,-1.910000,-0.770000,286.269989,48.279999,101787.460938,30.21,117.06,58.474998,PM10,10441
36.000000,60.369999,10.600000,26.150000,0.540000,64.559998,-2.890000,-0.270000,286.380005,49.580002,100681.859375,30.2,117.22,55.184998,PM10,10442
33.509998,56.070000,10.390000,23.690001,0.530000,64.519997,-4.270000,0.600000,285.600006,51.020000,98838.109375,30.18,117.37,53.035000,PM10,10443
32.180000,53.619999,10.190000,21.559999,0.520000,65.070000,-4.520000,0.820000,284.209991,55.110001,97018.453125,30.16,117.53,51.809998,PM10,10444
32.029999,53.689999,10.360000,21.270000,0.540000,65.500000,-3.220000,0.590000,283.570007,58.070000,96693.382812,30.15,117.69,51.845001,PM10,10445
32.619999,55.230000,10.290000,21.530001,0.550000,65.080002,-2.790000,0.960000,284.500000,57.020000,97763.171875,30.13,117.84,52.614998,PM10,10446
33.020000,56.430000,10.270000,21.700001,0.560000,65.360001,-4.260000,1.180000,284.829987,56.549999,96868.289062,30.12,118.0,53.215000,PM10,10447
34.490002,58.400002,10.070000,21.770000,0.560000,65.919998,-4.750000,1.330000,282.720001,63.779999,94065.476562,30.1,118.16,54.200001,PM10,10448
34.950001,58.939999,9.770000,22.139999,0.560000,66.790001,-2.990000,1.030000,282.239990,68.709999,94479.093750,30.08,118.31,54.470001,PM10,10449
31.340000,53.650002,9.370000,22.350000,0.530000,69.470001,-1.630000,0.160000,284.350006,64.199997,98076.429688,30.07,118.47,51.825001,PM10,10450
28.570000,49.080002,8.450000,22.219999,0.510000,70.059998,-3.490000,0.070000,285.739990,61.490002,99160.023438,30.05,118.62,49.080002,PM10,10451
29.520000,49.439999,7.980000,22.170000,0.500000,70.430000,-5.760000,-0.310000,283.890015,68.169998,95907.250000,30.03,118.78,49.439999,PM10,10452
47.290001,74.459999,11.120000,27.129999,0.630000,68.190002,-3.560000,-0.180000,284.559998,40.509998,97620.390625,30.45,115.98,65.362503,PM2.5,10675
50.869999,80.919998,11.180000,30.809999,0.660000,66.779999,-2.750000,-1.340000,284.730011,41.869999,98777.796875,30.44,116.14,69.837502,PM2.5,10676
55.369999,90.050003,11.860000,36.520000,0.710000,65.430000,-1.790000,-2.490000,285.850006,40.910000,100967.203125,30.42,116.3,75.462502,PM2.5,10677
60.230000,98.419998,12.800000,41.270000,0.740000,64.879997,-1.390000,-2.960000,286.019989,40.950001,101976.070312,30.41,116.45,81.537498,PM2.5,10678
64.139999,104.540001,14.050000,45.889999,0.760000,65.230003,-1.150000,-2.300000,285.880005,42.709999,102294.953125,30.39,116.61,86.425003,PM2.5,10679
63.040001,101.910004,14.060000,47.110001,0.730000,65.250000,-1.270000,-1.690000,286.070007,45.820000,102282.187500,30.38,116.77,85.050003,PM2.5,10680
58.910000,95.040001,13.310000,44.860001,0.690000,64.970001,-1.270000,-1.260000,286.070007,47.680000,102432.156250,30.36,116.92,79.887497,PM2.5,10681
47.529999,79.139999,12.130000,38.529999,0.630000,64.449997,-1.270000,-0.850000,286.390015,48.029999,102303.570312,30.35,117.08,65.662498,PM2.5,10682
42.549999,71.529999,11.350000,32.810001,0.600000,64.330002,-1.810000,-0.820000,286.579987,48.770000,101670.460938,30.33,117.24,60.764999,PM10,10683
38.330002,64.580002,11.030000,28.879999,0.570000,64.500000,-3.270000,-0.190000,286.279999,49.669998,100013.062500,30.32,117.39,57.290001,PM10,10684
36.520000,60.540001,10.290000,24.440001,0.550000,64.739998,-4.100000,0.850000,284.540009,53.660000,97248.023438,30.3,117.55,55.270000,PM10,10685
34.480000,56.880001,10.180000,22.030001,0.540000,66.629997,-2.480000,1.100000,283.790009,57.020000,96657.726562,30.28,117.71,53.440002,PM10,10686
33.330002,55.660000,10.180000,21.299999,0.540000,67.190002,-1.360000,1.010000,284.929993,55.160000,98707.148438,30.27,117.86,52.830002,PM10,10687
32.439999,55.070000,10.120000,21.080000,0.550000,67.730003,-2.250000,0.650000,285.850006,53.450001,98908.656250,30.25,118.02,52.535000,PM10,10688
32.250000,55.009998,9.840000,21.139999,0.550000,67.900002,-3.170000,2.230000,285.049988,56.320000,97324.460938,30.23,118.17,52.504997,PM10,10689
33.540001,56.549999,9.490000,21.850000,0.550000,68.029999,-2.570000,3.080000,284.190002,61.430000,97194.000000,30.22,118.33,53.275002,PM10,10690
31.370001,52.910000,8.920000,22.490000,0.530000,69.440002,-2.210000,1.490000,284.519989,62.779999,98242.000000,30.2,118.49,51.455002,PM10,10691
30.480000,50.790001,7.920000,22.730000,0.510000,69.059998,-3.990000,0.440000,284.670013,63.799999,97262.273438,30.18,118.64,50.395000,PM10,10692
31.150000,50.730000,7.410000,22.879999,0.500000,69.300003,-5.150000,0.440000,283.040009,70.230003,94963.703125,30.17,118.8,50.364998,PM10,10693
45.889999,71.790001,10.430000,27.490000,0.600000,69.080002,-3.210000,0.190000,284.570007,39.950001,97711.453125,30.59,116.0,63.612499,PM2.5,10917
48.070000,75.820000,10.480000,29.889999,0.610000,67.900002,-2.950000,-0.420000,284.279999,41.480000,97725.023438,30.57,116.16,66.337502,PM2.5,10918
50.730000,81.559998,11.050000,33.900002,0.650000,67.379997,-1.920000,-1.570000,284.829987,41.500000,99004.726562,30.56,116.31,69.662498,PM2.5,10919
57.930000,93.989998,11.860000,40.779999,0.710000,65.080002,-0.950000,-2.570000,285.839996,40.430000,101530.867188,30.54,116.47,78.662498,PM2.5,10920
64.000000,104.589996,13.510000,49.040001,0.770000,64.290001,-0.880000,-2.350000,286.010010,41.580002,102367.093750,30.53,116.63,86.250000,PM2.5,10921
65.690002,107.279999,14.910000,54.720001,0.780000,63.730000,-1.110000,-1.740000,285.829987,45.910000,101843.968750,30.51,116.78,88.362503,PM2.5,10922
64.709999,106.330002,15.810000,58.029999,0.780000,62.070000,-1.030000,-1.010000,286.089996,48.820000,102190.453125,30.5,116.94,87.137497,PM2.5,10923
58.570000,97.980003,15.280000,56.150002,0.760000,60.180000,-1.290000,-0.490000,286.359985,47.849998,102509.843750,30.48,117.1,79.462502,PM2.5,10924
50.770000,84.989998,12.940000,44.389999,0.680000,61.709999,-1.780000,-0.650000,286.579987,47.900002,102361.890625,30.47,117.25,69.712502,PM2.5,10925
45.980000,77.169998,12.010000,37.560001,0.640000,62.650002,-2.510000,-0.460000,286.609985,48.189999,101243.906250,30.45,117.41,63.724998,PM2.5,10926
40.700001,67.570000,10.720000,28.780001,0.590000,64.660004,-2.810000,0.430000,285.440002,50.740002,98763.351562,30.43,117.57,58.785000,PM10,10927
38.320000,62.799999,10.380000,25.490000,0.580000,66.470001,-1.980000,1.320000,284.750000,52.950001,97945.203125,30.42,117.72,56.400002,PM10,10928
37.270000,61.240002,10.340000,24.139999,0.580000,67.660004,-0.900000,1.130000,285.290009,52.830002,99764.937500,30.4,117.88,55.620003,PM10,10929
34.980000,58.130001,10.180000,22.500000,0.560000,68.639999,-1.290000,0.500000,285.760010,53.750000,100655.429688,30.39,118.04,54.065002,PM10,10930
33.549999,56.290001,9.600000,21.660000,0.550000,68.459999,-2.530000,1.520000,285.799988,54.759998,99885.507812,30.37,118.19,53.145000,PM10,10931
33.680000,56.090000,9.070000,21.780001,0.540000,68.099998,-2.720000,2.110000,285.149994,58.139999,99356.226562,30.35,118.35,53.044998,PM10,10932
32.849998,54.150002,8.380000,22.330000,0.520000,68.989998,-2.530000,0.830000,284.839996,60.820000,98742.203125,30.33,118.51,52.075001,PM10,10933
31.670000,51.560001,7.570000,22.730000,0.510000,69.250000,-3.370000,0.660000,284.670013,62.709999,97597.437500,30.32,118.66,50.779999,PM10,10934
31.959999,51.410000,7.160000,23.480000,0.500000,69.000000,-4.330000,1.350000,283.970001,65.849998,96648.273438,30.3,118.82,50.705002,PM10,10935
44.939999,69.489998,9.510000,26.370001,0.600000,69.720001,-3.000000,0.100000,285.140015,36.720001,98473.093750,30.73,115.86,62.424999,PM2.5,11162
45.820000,71.519997,9.830000,28.299999,0.590000,69.730003,-3.280000,-0.380000,285.010010,37.580002,98326.789062,30.72,116.02,63.525002,PM2.5,11163
47.660000,75.169998,10.020000,30.709999,0.600000,68.339996,-3.130000,-0.640000,284.390015,39.939999,97634.328125,30.71,116.17,65.824997,PM2.5,11164
50.650002,80.910004,10.410000,34.180000,0.630000,67.199997,-2.380000,-1.090000,284.420013,41.119999,98183.078125,30.69,116.33,69.562500,PM2.5,11165
56.080002,90.790001,11.260000,40.070000,0.690000,65.480003,-1.090000,-1.890000,285.540009,40.400002,100504.312500,30.68,116.49,76.350006,PM2.5,11166
61.790001,101.059998,12.820000,48.810001,0.750000,64.050003,-0.700000,-2.270000,286.119995,40.180000,102007.281250,30.66,116.64,83.487503,PM2.5,11167
65.830002,108.070000,15.220000,59.509998,0.800000,62.470001,-0.750000,-1.630000,285.739990,43.189999,102050.546875,30.65,116.8,88.537506,PM2.5,11168
66.860001,111.400002,17.750000,67.669998,0.840000,59.290001,-1.180000,-1.150000,286.160004,48.790001,102084.750000,30.63,116.96,89.824997,PM2.5,11169
62.320000,106.320000,19.850000,70.419998,0.830000,59.730000,-1.890000,-0.470000,287.459991,52.259998,102407.203125,30.62,117.12,88.024994,NO2,11170
58.919998,98.059998,16.059999,60.849998,0.780000,57.250000,-1.890000,-0.070000,286.440002,46.040001,102481.281250,30.6,117.27,79.899994,PM2.5,11171
54.099998,90.000000,14.390000,51.099998,0.740000,59.049999,-1.920000,-0.220000,286.600006,48.330002,101859.210938,30.59,117.43,73.875000,PM2.5,11172
47.970001,79.389999,11.620000,37.720001,0.680000,62.369999,-1.920000,0.160000,286.209991,48.360001,100932.242188,30.57,117.59,66.212502,PM2.5,11173
44.180000,72.570000,11.250000,32.919998,0.660000,64.120003,-1.760000,1.210000,286.070007,49.080002,100846.093750,30.55,117.74,61.474998,PM2.5,11174
42.020000,68.730003,11.020000,29.270000,0.640000,66.230003,-1.520000,1.260000,285.670013,51.490002,100954.007812,30.54,117.9,59.365002,PM10,11175
39.090000,64.000000,10.450000,24.610001,0.600000,68.059998,-1.750000,0.730000,285.470001,53.709999,100675.382812,30.52,118.06,57.000000,PM10,11176
36.660000,60.549999,9.870000,23.180000,0.570000,68.360001,-2.820000,0.870000,285.779999,53.509998,99865.796875,30.5,118.21,55.275002,PM10,11177
36.540001,59.849998,9.020000,22.650000,0.550000,68.070000,-3.230000,1.140000,285.130005,56.900002,98534.593750,30.49,118.37,54.924999,PM10,11178
34.549999,55.869999,8.110000,22.030001,0.520000,69.910004,-2.660000,0.610000,284.410004,60.939999,97419.062500,30.47,118.53,52.934998,PM10,11179
33.240002,53.310001,7.490000,22.540001,0.500000,70.489998,-2.370000,0.760000,284.369995,62.500000,97886.343750,30.45,118.68,51.654999,PM10,11180
32.529999,51.959999,7.170000,23.379999,0.500000,70.269997,-2.860000,1.560000,284.760010,62.840000,98428.148438,30.43,118.84,50.980000,PM10,11181
33.880001,53.639999,7.230000,25.200001,0.510000,69.839996,-3.130000,2.240000,284.279999,65.699997,97506.460938,30.42,119.0,51.820000,PM10,11182
34.830002,55.200001,7.540000,27.540001,0.530000,69.370003,-2.950000,2.180000,284.019989,68.000000,97678.570312,30.4,119.15,52.599998,PM10,11183
36.070000,57.330002,7.670000,29.190001,0.550000,67.570000,-3.560000,1.240000,283.850006,69.610001,97455.851562,30.38,119.31,53.665001,PM10,11184
43.560001,67.709999,9.170000,25.930000,0.580000,70.349998,-2.880000,0.230000,285.260010,33.740002,97473.226562,30.87,115.87,60.700001,PM2.5,11405
44.860001,70.250000,9.440000,28.270000,0.580000,69.910004,-3.000000,-0.200000,284.369995,35.900002,96260.968750,30.86,116.03,62.325001,PM2.5,11406
46.880001,74.489998,9.710000,31.420000,0.600000,68.610001,-2.740000,-0.640000,284.040009,38.700001,96539.226562,30.84,116.19,64.849998,PM2.5,11407
49.180000,78.940002,10.030000,34.400002,0.620000,67.330002,-2.340000,-0.610000,283.820007,41.230000,96685.031250,30.83,116.35,67.724998,PM2.5,11408
52.189999,84.540001,10.600000,37.919998,0.650000,66.510002,-1.430000,-1.050000,284.559998,41.320000,98322.156250,30.81,116.5,71.487495,PM2.5,11409
58.619999,96.099998,12.130000,46.220001,0.710000,64.230003,-0.520000,-1.790000,285.970001,40.080002,101332.718750,30.8,116.66,79.525002,PM2.5,11410
63.730000,105.040001,14.440000,58.160000,0.780000,61.790001,-0.400000,-1.700000,286.309998,40.590000,102562.953125,30.78,116.82,85.912498,PM2.5,11411
68.089996,113.699997,17.469999,69.290001,0.870000,56.820000,-1.020000,-1.230000,285.940002,42.590000,102436.890625,30.77,116.98,91.362495,PM2.5,11412
67.930000,114.459999,19.670000,73.540001,0.910000,53.860001,-1.320000,-0.800000,286.000000,45.849998,102330.343750,30.75,117.13,91.925003,NO2,11413
58.410000,97.360001,16.440001,61.290001,0.770000,59.700001,-1.960000,-0.320000,286.779999,49.049999,102375.039062,30.74,117.29,79.262497,PM2.5,11414
52.900002,88.639999,15.070000,49.740002,0.720000,66.680000,-2.440000,-0.440000,287.500000,51.130001,102312.093750,30.72,117.45,72.375000,PM2.5,11415
52.520000,87.510002,12.640000,46.279999,0.760000,59.930000,-1.970000,0.230000,286.049988,47.270000,102177.406250,30.7,117.61,71.900002,PM2.5,11416
49.150002,81.750000,12.480000,42.889999,0.750000,60.310001,-2.030000,0.780000,286.200012,49.490002,102154.960938,30.69,117.76,67.687500,PM2.5,11417
47.090000,77.860001,11.870000,37.279999,0.710000,63.080002,-2.280000,0.580000,285.790009,51.020000,101475.992188,30.67,117.92,65.112503,PM2.5,11418
43.630001,71.410004,10.810000,28.760000,0.650000,67.589996,-2.060000,0.200000,285.690002,52.279999,100901.757812,30.66,118.08,60.787502,PM2.5,11419
41.540001,68.279999,10.480000,26.709999,0.630000,68.620003,-2.090000,0.320000,286.049988,52.509998,100932.820312,30.64,118.23,59.139999,PM10,11420
39.439999,64.680000,9.600000,25.230000,0.590000,69.269997,-2.400000,0.690000,286.070007,53.619999,100087.242188,30.62,118.39,57.340000,PM10,11421
37.119999,60.200001,8.460000,23.959999,0.550000,70.129997,-2.890000,1.010000,285.130005,57.700001,98171.500000,30.6,118.55,55.099998,PM10,11422
37.820000,61.310001,8.150000,25.230000,0.560000,70.260002,-2.670000,1.310000,284.470001,61.230000,97709.187500,30.59,118.7,55.654999,PM10,11423
37.910000,62.009998,8.320000,27.000000,0.580000,70.639999,-1.910000,1.590000,285.059998,60.910000,99426.148438,30.57,118.86,56.004997,PM10,11424
35.849998,57.560001,8.270000,27.620001,0.550000,69.760002,-1.970000,2.300000,285.760010,60.310001,100686.367188,30.55,119.02,53.779999,PM10,11425
36.070000,57.160000,8.100000,28.730000,0.550000,69.080002,-2.380000,2.160000,285.320007,62.889999,100114.632812,30.53,119.17,53.580002,PM10,11426
44.130001,69.879997,9.360000,29.860001,0.560000,70.930000,-1.250000,0.280000,282.760010,37.880001,92742.679688,30.98,116.21,61.412502,PM2.5,11646
47.049999,75.360001,9.990000,33.630001,0.590000,69.760002,-1.060000,0.620000,282.670013,41.419998,93595.882812,30.96,116.36,65.062500,PM2.5,11647
50.410000,81.309998,10.420000,36.689999,0.620000,68.449997,-1.100000,0.740000,283.329987,42.540001,95906.609375,30.95,116.52,69.262497,PM2.5,11648
56.090000,91.610001,11.470000,43.299999,0.680000,65.660004,-0.730000,-0.180000,284.859985,41.119999,99223.093750,30.93,116.68,76.362503,PM2.5,11649
61.970001,101.889999,13.310000,53.200001,0.760000,63.009998,-0.320000,-1.090000,286.070007,40.349998,101527.867188,30.92,116.84,83.712502,PM2.5,11650
64.900002,107.059998,14.830000,59.060001,0.810000,61.330002,-0.590000,-0.960000,286.160004,41.950001,102514.171875,30.9,116.99,87.375000,PM2.5,11651
64.160004,106.790001,15.850000,61.020000,0.840000,59.549999,-1.390000,-0.350000,286.029999,44.020000,102484.812500,30.89,117.15,86.450005,PM2.5,11652
62.220001,104.000000,15.930000,59.779999,0.840000,59.110001,-2.340000,-0.350000,286.299988,44.130001,102155.906250,30.87,117.31,84.025002,PM2.5,11653
62.290001,104.820000,16.850000,60.619999,0.890000,58.099998,-2.060000,-0.280000,285.970001,46.740002,102077.726562,30.86,117.47,84.112503,PM2.5,11654
60.169998,103.290001,18.100000,63.040001,0.940000,53.549999,-1.660000,0.130000,285.820007,48.639999,102412.203125,30.84,117.62,81.462494,PM2.5,11655
59.040001,102.570000,20.090000,66.330002,0.980000,49.630001,-2.390000,0.300000,286.049988,49.580002,102204.000000,30.82,117.78,82.912506,NO2,11656
55.310001,94.870003,16.940001,56.080002,0.890000,55.189999,-2.710000,-0.060000,285.850006,50.680000,101522.960938,30.81,117.94,75.387505,PM2.5,11657
50.580002,84.360001,11.890000,39.480000,0.750000,64.540001,-2.020000,-0.240000,285.600006,52.500000,101543.117188,30.79,118.1,69.475006,PM2.5,11658
49.410000,81.779999,12.050000,36.029999,0.730000,66.949997,-1.370000,-0.110000,285.820007,53.279999,102052.062500,30.77,118.25,68.012497,PM2.5,11659
44.770000,73.199997,10.660000,30.990000,0.660000,68.959999,-1.720000,0.170000,286.410004,53.310001,101996.343750,30.76,118.41,62.212502,PM2.5,11660
40.680000,65.519997,9.190000,27.280001,0.590000,70.349998,-2.610000,0.860000,286.260010,54.599998,100796.117188,30.74,118.57,57.759998,PM10,11661
41.340000,66.769997,8.980000,27.930000,0.610000,70.220001,-2.680000,1.710000,285.630005,56.930000,100055.296875,30.72,118.72,58.384998,PM10,11662
42.389999,68.529999,9.210000,29.600000,0.620000,69.690002,-1.900000,1.750000,285.619995,58.459999,100948.992188,30.7,118.88,59.264999,PM10,11663
39.779999,62.730000,9.360000,30.240000,0.580000,69.050003,-1.810000,1.660000,285.660004,60.830002,101446.507812,30.69,119.04,56.364998,PM10,11664
38.570000,59.930000,8.700000,29.750000,0.560000,69.169998,-2.550000,1.410000,285.369995,62.110001,99977.328125,30.67,119.19,54.965000,PM10,11665
37.730000,58.480000,8.320000,20.200001,0.510000,72.250000,-0.820000,1.020000,284.600006,30.740000,94851.523438,31.17,115.59,54.239998,PM10,11885
35.939999,55.369999,7.990000,20.100000,0.470000,73.580002,-0.310000,0.050000,283.429993,31.010000,92554.210938,31.15,115.75,52.684998,PM10,11886
37.650002,58.790001,8.350000,23.750000,0.490000,72.889999,-0.170000,0.460000,283.799988,31.809999,94092.796875,31.14,115.91,54.395000,PM10,11887
38.430000,60.810001,8.430000,26.790001,0.510000,71.779999,-0.790000,0.910000,284.019989,30.290001,93297.171875,31.13,116.06,55.404999,PM10,11888
41.200001,65.580002,9.090000,29.910000,0.530000,72.099998,-0.680000,0.700000,282.970001,33.090000,91584.820312,31.11,116.22,57.790001,PM10,11889
44.720001,71.779999,10.090000,33.560001,0.570000,71.059998,-0.290000,1.710000,283.320007,37.590000,93448.250000,31.1,116.38,62.150002,PM2.5,11890
48.759998,78.739998,10.540000,36.560001,0.610000,69.050003,-0.860000,2.820000,283.739990,40.410000,95626.992188,31.08,116.54,67.199997,PM2.5,11891
54.310001,88.389999,11.790000,43.830002,0.660000,66.139999,-1.190000,2.050000,283.820007,41.959999,96955.976562,31.07,116.7,74.137505,PM2.5,11892
58.450001,96.150002,13.780000,53.330002,0.720000,63.560001,-0.690000,0.740000,285.079987,41.419998,99496.070312,31.05,116.85,79.312500,PM2.5,11893
63.290001,104.949997,14.750000,59.790001,0.810000,61.580002,-0.350000,-0.200000,286.040009,40.930000,101943.429688,31.04,117.01,85.362503,PM2.5,11894
63.060001,104.919998,15.580000,60.889999,0.840000,60.529999,-0.970000,-0.000000,286.070007,42.680000,102632.523438,31.02,117.17,85.075005,PM2.5,11895
62.349998,104.230003,16.440001,60.759998,0.860000,58.990002,-2.150000,0.320000,286.250000,43.419998,101985.921875,31.01,117.33,84.187500,PM2.5,11896
62.450001,105.459999,17.830000,62.169998,0.910000,56.959999,-2.320000,0.200000,286.029999,45.040001,101312.500000,30.99,117.49,84.312500,PM2.5,11897
62.680000,108.389999,20.650000,67.349998,0.990000,52.279999,-2.010000,0.120000,285.940002,47.540001,101828.546875,30.97,117.64,84.599998,PM2.5,11898
62.610001,109.889999,22.950001,71.449997,1.050000,48.139999,-2.530000,0.460000,286.049988,48.970001,102339.968750,30.96,117.8,89.312500,NO2,11899
60.060001,104.510002,19.610001,63.090000,0.990000,51.919998,-3.020000,0.030000,286.100006,49.639999,101923.296875,30.94,117.96,81.325005,PM2.5,11900
55.189999,93.660004,13.570000,48.330002,0.840000,61.070000,-2.530000,-0.230000,285.730011,52.130001,101733.351562,30.93,118.12,75.237495,PM2.5,11901
57.180000,97.000000,14.720000,49.020000,0.890000,60.400002,-1.920000,-0.330000,285.709991,53.200001,102155.070312,30.91,118.27,77.724998,PM2.5,11902
53.930000,90.029999,13.100000,45.840000,0.820000,59.770000,-1.900000,-0.070000,285.970001,54.540001,102431.273438,30.89,118.43,73.662498,PM2.5,11903
49.799999,80.330002,10.860000,39.139999,0.710000,64.230003,-2.150000,0.460000,286.200012,55.279999,102256.078125,30.87,118.59,68.500000,PM2.5,11904
47.509998,75.449997,10.680000,36.049999,0.670000,66.849998,-2.220000,1.360000,286.250000,56.049999,102192.687500,30.86,118.74,65.637497,PM2.5,11905
47.000000,73.559998,10.420000,34.360001,0.650000,67.470001,-2.210000,1.450000,285.829987,58.639999,101712.476562,30.84,118.9,65.000000,PM2.5,11906
43.889999,67.190002,9.800000,33.910000,0.610000,66.220001,-2.160000,0.990000,285.670013,59.770000,101100.171875,30.82,119.06,61.112499,PM2.5,11907
42.020000,64.230003,9.280000,33.119999,0.590000,66.889999,-2.440000,1.310000,285.720001,61.360001,100820.687500,30.8,119.22,58.775002,PM2.5,11908
41.360001,63.080002,8.860000,34.270000,0.590000,65.300003,-2.320000,1.320000,285.519989,63.700001,100367.156250,30.79,119.37,57.950001,PM2.5,11909
38.009998,60.860001,8.950000,20.650000,0.530000,70.980003,0.080000,1.440000,285.589996,30.830000,97792.218750,31.32,115.45,55.430000,PM10,12126
36.480000,57.480000,8.220000,20.709999,0.500000,72.070000,0.390000,1.190000,285.170013,30.850000,95675.257812,31.3,115.61,53.739998,PM10,12127
34.639999,54.150002,7.900000,20.980000,0.460000,72.690002,0.400000,0.200000,283.910004,30.030001,92844.218750,31.29,115.76,52.075001,PM10,12128
36.220001,57.349998,8.270000,24.299999,0.480000,72.930000,-0.080000,0.610000,284.250000,29.799999,94316.820312,31.28,115.92,53.674999,PM10,12129
37.660000,60.779999,8.610000,28.440001,0.510000,71.099998,-0.760000,0.840000,284.929993,29.820000,95838.898438,31.26,116.08,55.389999,PM10,12130
40.410000,65.959999,9.310000,32.119999,0.540000,70.309998,-0.860000,0.860000,285.040009,31.090000,96042.250000,31.25,116.24,57.980000,PM10,12131
43.290001,70.970001,10.130000,35.360001,0.580000,69.599998,-0.570000,1.790000,285.790009,33.369999,97785.523438,31.23,116.4,60.485001,PM10,12132
47.669998,78.370003,10.810000,38.939999,0.620000,67.889999,-1.260000,3.180000,285.880005,35.799999,98625.781250,31.22,116.56,65.837494,PM2.5,12133
53.259998,88.029999,12.180000,46.759998,0.680000,65.120003,-2.030000,3.400000,285.190002,38.709999,98502.812500,31.2,116.71,72.824997,PM2.5,12134
58.240002,96.760002,13.890000,55.660000,0.740000,62.040001,-1.620000,2.430000,285.109985,41.009998,99507.359375,31.19,116.87,79.050003,PM2.5,12135
61.849998,103.309998,14.180000,60.349998,0.800000,60.939999,-0.760000,1.000000,285.790009,40.619999,101425.492188,31.17,117.03,83.562500,PM2.5,12136
61.099998,101.489998,14.250000,58.630001,0.810000,61.299999,-1.190000,0.300000,285.989990,42.070000,102386.976562,31.16,117.19,82.625000,PM2.5,12137
60.080002,100.099998,14.730000,57.150002,0.820000,60.830002,-2.260000,0.240000,286.089996,43.189999,102108.273438,31.14,117.35,81.350006,PM2.5,12138
59.139999,99.500000,15.220000,55.549999,0.830000,60.639999,-2.370000,0.160000,286.089996,45.689999,101885.460938,31.13,117.5,80.175003,PM2.5,12139
57.040001,96.879997,15.900000,54.139999,0.820000,61.450001,-2.280000,0.120000,286.269989,50.160000,102198.390625,31.11,117.66,77.550003,PM2.5,12140
54.299999,91.449997,15.900000,51.070000,0.790000,65.669998,-3.030000,0.310000,287.779999,51.259998,102549.992188,31.09,117.82,74.125000,PM2.5,12141
57.970001,99.470001,16.190001,57.189999,0.900000,56.389999,-3.450000,0.460000,286.339996,46.599998,102401.796875,31.08,117.98,78.712502,PM2.5,12142
57.340000,97.589996,15.020000,54.790001,0.890000,55.939999,-2.960000,0.100000,286.010010,52.290001,101954.773438,31.06,118.13,77.925003,PM2.5,12143
55.299999,92.480003,13.390000,48.490002,0.840000,58.150002,-2.800000,-0.100000,285.850006,52.310001,102036.976562,31.04,118.29,75.375000,PM2.5,12144
54.090000,89.199997,12.900000,46.549999,0.820000,57.009998,-2.810000,-0.270000,285.940002,53.189999,102408.640625,31.03,118.45,73.862503,PM2.5,12145
51.490002,82.059998,12.050000,42.990002,0.740000,59.330002,-2.630000,0.110000,286.010010,55.490002,102492.687500,31.01,118.61,70.612503,PM2.5,12146
48.889999,75.779999,11.220000,39.270000,0.670000,62.070000,-2.640000,0.540000,286.160004,56.439999,102380.460938,30.99,118.76,67.362503,PM2.5,12147
47.560001,72.629997,10.780000,36.790001,0.640000,63.889999,-2.810000,0.830000,286.049988,58.049999,101904.156250,30.97,118.92,65.700005,PM2.5,12148
45.650002,69.739998,10.130000,36.820000,0.630000,61.939999,-2.680000,0.610000,285.940002,58.349998,101808.093750,30.96,119.08,63.312500,PM2.5,12149
44.250000,67.650002,9.990000,37.060001,0.630000,61.990002,-2.390000,1.170000,285.980011,60.160000,102172.476562,30.94,119.24,61.562500,PM2.5,12150
42.740002,65.519997,9.550000,37.860001,0.620000,61.180000,-2.080000,1.240000,285.959991,62.480000,102058.476562,30.92,119.39,59.675003,PM2.5,12151
40.740002,62.830002,8.930000,39.790001,0.610000,59.080002,-1.660000,0.830000,286.000000,64.820000,101858.226562,30.9,119.55,57.175003,PM2.5,12152
37.470001,59.970001,8.930000,20.719999,0.510000,70.129997,0.380000,1.000000,285.279999,32.810001,97774.062500,31.45,115.46,54.985001,PM10,12370
35.619999,57.320000,8.500000,22.190001,0.490000,70.730003,0.560000,0.770000,285.970001,30.490000,98135.226562,31.44,115.62,53.660000,PM10,12371
34.419998,55.380001,8.330000,23.170000,0.470000,71.099998,0.050000,0.730000,285.869995,28.780001,97359.859375,31.42,115.78,52.690002,PM10,12372
36.860001,59.720001,8.650000,26.850000,0.490000,71.250000,-0.520000,1.170000,285.279999,29.750000,96677.117188,31.41,115.94,54.860001,PM10,12373
39.230000,65.470001,9.410000,32.709999,0.540000,69.040001,-0.870000,1.160000,285.559998,30.719999,97934.210938,31.4,116.1,57.735001,PM10,12374
42.549999,73.839996,10.270000,39.540001,0.620000,66.639999,-0.950000,0.940000,286.579987,30.879999,100112.609375,31.38,116.26,61.919998,PM10,12375
46.270000,79.440002,10.600000,42.040001,0.650000,65.190002,-1.490000,1.560000,286.880005,32.900002,101030.976562,31.37,116.41,64.720001,PM10,12376
49.480000,83.449997,10.910000,42.709999,0.660000,64.839996,-2.260000,2.350000,286.640015,35.470001,101071.492188,31.35,116.57,68.099998,PM2.5,12377
54.570000,93.260002,12.210000,51.400002,0.730000,62.139999,-2.530000,2.920000,286.450012,37.000000,101325.593750,31.34,116.73,74.462502,PM2.5,12378
58.900002,100.940002,13.590000,59.189999,0.780000,59.810001,-2.050000,2.670000,285.940002,39.070000,101259.218750,31.32,116.89,79.875000,PM2.5,12379
60.389999,103.150002,13.550000,62.189999,0.810000,59.540001,-1.450000,1.600000,285.839996,40.610001,101625.382812,31.31,117.05,81.737503,PM2.5,12380
58.980000,99.209999,13.590000,58.529999,0.790000,61.320000,-1.780000,0.880000,285.910004,42.459999,102099.679688,31.29,117.21,79.974998,PM2.5,12381
58.080002,98.470001,14.060000,58.020000,0.800000,60.500000,-2.300000,0.530000,285.980011,44.099998,102153.296875,31.28,117.36,78.850006,PM2.5,12382
57.520000,98.760002,14.430000,57.349998,0.820000,59.669998,-2.320000,0.290000,285.970001,46.509998,102445.429688,31.26,117.52,78.150002,PM2.5,12383
56.959999,98.360001,14.860000,57.380001,0.830000,58.990002,-2.410000,-0.140000,286.250000,48.630001,102643.328125,31.25,117.68,77.449997,PM2.5,12384
55.590000,95.290001,14.950000,55.529999,0.820000,60.509998,-2.960000,-0.380000,287.059998,50.610001,102600.226562,31.23,117.84,75.737503,PM2.5,12385
53.820000,90.680000,15.060000,53.849998,0.800000,63.689999,-3.350000,0.060000,287.609985,52.139999,102577.726562,31.21,118.0,73.525002,PM2.5,12386
56.860001,97.000000,14.960000,55.250000,0.900000,55.130001,-3.170000,0.520000,286.179993,48.900002,102465.796875,31.2,118.15,77.324997,PM2.5,12387
54.480000,90.849998,13.350000,48.410000,0.840000,57.470001,-3.220000,0.420000,286.200012,51.070000,102442.929688,31.18,118.31,74.349998,PM2.5,12388
53.689999,88.629997,12.970000,45.689999,0.820000,56.470001,-3.220000,-0.310000,286.119995,51.250000,102504.523438,31.16,118.47,73.362495,PM2.5,12389
50.470001,80.470001,12.100000,42.459999,0.730000,58.810001,-3.040000,-0.140000,286.140015,54.230000,102502.023438,31.14,118.63,69.337502,PM2.5,12390
47.450001,73.349998,10.860000,38.209999,0.650000,62.200001,-3.290000,-0.160000,286.670013,56.090000,102455.859375,31.13,118.79,65.562500,PM2.5,12391
44.450001,67.250000,10.300000,35.230000,0.600000,67.639999,-3.660000,0.070000,287.510010,59.060001,102376.828125,31.11,118.94,61.812500,PM2.5,12392
46.160000,71.419998,10.510000,38.330002,0.660000,59.099998,-3.300000,0.410000,286.089996,56.779999,102464.281250,31.09,119.1,63.950001,PM2.5,12393
43.990002,67.769997,9.790000,38.099998,0.640000,59.389999,-2.740000,0.700000,286.040009,60.990002,102351.242188,31.07,119.26,61.237503,PM2.5,12394
41.680000,64.110001,9.150000,38.759998,0.620000,59.150002,-2.600000,0.650000,286.100006,63.410000,101937.203125,31.05,119.42,58.349998,PM2.5,12395
38.970001,60.090000,8.580000,40.169998,0.590000,57.849998,-2.270000,0.530000,286.100006,66.180000,101221.546875,31.04,119.57,55.044998,PM10,12396
38.529999,62.070000,9.150000,23.010000,0.500000,68.660004,-0.170000,1.100000,285.290009,33.470001,97426.382812,31.59,115.48,56.035000,PM10,12615
37.220001,60.889999,8.890000,25.250000,0.500000,68.349998,0.070000,0.320000,285.540009,32.490002,98305.742188,31.57,115.64,55.445000,PM10,12616
36.310001,60.599998,8.960000,28.629999,0.510000,68.169998,-0.340000,0.630000,286.109985,30.459999,99609.273438,31.56,115.8,55.299999,PM10,12617
38.650002,64.830002,9.190000,31.440001,0.530000,68.250000,-1.050000,1.440000,286.089996,30.510000,99220.671875,31.55,115.96,57.415001,PM10,12618
41.580002,71.300003,9.800000,36.560001,0.570000,66.529999,-1.410000,1.430000,286.089996,31.700001,99761.781250,31.53,116.11,60.650002,PM10,12619
45.130001,80.379997,10.660000,44.930000,0.650000,63.770000,-1.490000,1.040000,286.450012,32.980000,101110.273438,31.52,116.27,65.190002,PM10,12620
47.009998,82.849998,10.790000,46.000000,0.670000,63.520000,-1.990000,1.560000,286.390015,35.080002,101445.492188,31.5,116.43,66.425003,PM10,12621
50.139999,86.910004,11.050000,46.369999,0.680000,63.560001,-2.250000,1.950000,286.140015,37.090000,101523.546875,31.49,116.59,68.925003,PM2.5,12622
55.020000,97.279999,12.040000,55.380001,0.750000,60.049999,-2.050000,1.870000,285.980011,38.590000,102110.882812,31.47,116.75,75.025002,PM2.5,12623
57.509998,102.500000,12.990000,62.520000,0.800000,57.830002,-1.700000,1.820000,285.920013,39.529999,102325.500000,31.46,116.91,78.150002,NO2,12624
57.880001,102.250000,13.060000,65.949997,0.810000,57.160000,-1.530000,1.550000,285.869995,40.650002,102285.187500,31.44,117.07,82.437500,NO2,12625
56.790001,97.250000,13.200000,60.279999,0.780000,60.740002,-1.790000,1.420000,285.970001,42.040001,102332.421875,31.43,117.22,77.237503,PM2.5,12626
56.730000,98.029999,14.040000,60.889999,0.810000,59.660000,-2.290000,1.570000,286.200012,43.400002,102353.273438,31.41,117.38,77.162498,PM2.5,12627
57.250000,100.680000,14.980000,63.330002,0.850000,57.610001,-2.740000,1.010000,286.299988,46.040001,102488.500000,31.4,117.54,79.162506,NO2,12628
58.869999,105.370003,16.280001,67.239998,0.920000,54.810001,-3.020000,-0.010000,286.350006,46.869999,102429.937500,31.38,117.7,84.049995,NO2,12629
59.700001,107.260002,17.200001,67.529999,0.960000,54.070000,-3.050000,-0.300000,286.459991,47.990002,102332.679688,31.36,117.86,84.412498,NO2,12630
59.549999,106.400002,17.440001,65.480003,0.980000,54.189999,-2.750000,-0.500000,286.369995,49.900002,102540.992188,31.35,118.02,81.850006,NO2,12631
59.669998,105.019997,18.309999,64.070000,1.010000,54.160000,-2.870000,0.160000,286.709991,53.070000,102646.796875,31.33,118.17,80.837494,PM2.5,12632
54.880001,92.879997,17.070000,56.270000,0.900000,61.220001,-3.540000,0.210000,287.679993,53.700001,102620.773438,31.31,118.33,74.849998,PM2.5,12633
55.639999,94.970001,14.950000,49.930000,0.920000,53.990002,-3.370000,-0.300000,286.059998,49.480000,102622.312500,31.3,118.49,75.800003,PM2.5,12634
50.209999,81.290001,12.160000,42.509998,0.750000,57.439999,-2.940000,-0.210000,286.140015,54.139999,102615.492188,31.28,118.65,69.012497,PM2.5,12635
45.610001,71.269997,10.790000,38.540001,0.670000,58.110001,-2.950000,-0.050000,286.390015,56.060001,102499.437500,31.23,119.12,63.262501,PM2.5,12638
43.020000,66.970001,10.100000,38.169998,0.650000,58.080002,-2.590000,0.340000,286.399994,60.209999,102169.296875,31.21,119.28,60.025002,PM2.5,12639
39.599998,65.180000,9.200000,27.900000,0.510000,67.059998,-0.680000,0.950000,285.489990,32.669998,97950.273438,31.71,115.65,57.590000,PM10,12866
39.060001,66.279999,9.580000,32.930000,0.540000,66.209999,-0.910000,1.010000,285.890015,31.840000,99483.546875,31.7,115.81,58.139999,PM10,12867
40.610001,69.970001,9.820000,35.759998,0.560000,65.739998,-1.370000,1.660000,286.329987,31.980000,100637.140625,31.68,115.97,59.985001,PM10,12868
44.500000,78.260002,10.320000,41.029999,0.610000,63.680000,-1.860000,1.800000,286.440002,32.930000,101360.906250,31.67,116.13,64.130005,PM10,12869
48.270000,87.279999,10.970000,49.189999,0.680000,60.910000,-2.240000,1.580000,286.269989,34.919998,101718.492188,31.65,116.29,68.639999,PM10,12870
49.880001,89.660004,10.860000,50.660000,0.700000,60.509998,-2.560000,1.840000,286.049988,36.570000,101804.773438,31.64,116.45,69.830002,PM10,12871
51.610001,92.370003,11.000000,52.970001,0.710000,60.410000,-2.460000,1.860000,285.799988,38.049999,101886.093750,31.62,116.61,71.184998,PM10,12872
53.310001,96.940002,11.780000,60.610001,0.750000,58.349998,-2.100000,1.510000,285.660004,39.180000,102050.921875,31.61,116.77,75.762497,NO2,12873
53.900002,99.089996,12.530000,66.410004,0.790000,56.480000,-1.820000,1.280000,285.790009,39.799999,102265.773438,31.59,116.93,83.012505,NO2,12874
54.910000,100.779999,13.340000,70.459999,0.830000,54.689999,-1.630000,1.200000,285.970001,41.090000,102423.250000,31.58,117.08,88.074997,NO2,12875
52.869999,90.830002,12.910000,61.950001,0.730000,62.689999,-1.650000,1.420000,286.290009,44.349998,102539.406250,31.56,117.24,77.437500,NO2,12876
50.529999,86.010002,13.370000,53.910000,0.700000,69.400002,-2.670000,2.130000,287.940002,49.419998,102622.617188,31.55,117.4,69.412498,PM2.5,12877
52.380001,91.239998,14.530000,60.790001,0.760000,64.669998,-3.270000,1.290000,287.609985,48.950001,102588.242188,31.53,117.56,75.987503,NO2,12878
57.880001,106.300003,16.230000,72.000000,0.930000,52.869999,-3.080000,0.550000,286.190002,44.900002,102209.960938,31.52,117.72,90.000000,NO2,12879
59.230000,109.660004,17.360001,72.459999,0.980000,51.689999,-3.070000,0.330000,286.220001,47.419998,101772.492188,31.5,117.88,90.574997,NO2,12880
60.279999,112.010002,18.360001,71.540001,1.030000,50.580002,-2.680000,-0.100000,286.190002,48.490002,101992.632812,31.48,118.04,89.425003,NO2,12881
63.070000,118.309998,20.959999,72.500000,1.160000,47.380001,-2.660000,0.080000,286.420013,49.730000,102469.468750,31.47,118.19,90.625000,NO2,12882
62.290001,115.739998,21.040001,68.870003,1.180000,47.779999,-3.070000,0.400000,286.640015,49.160000,102580.031250,31.45,118.35,86.087502,NO2,12883
56.040001,99.150002,16.070000,54.720001,0.980000,52.299999,-2.980000,-0.270000,286.200012,50.139999,102589.406250,31.43,118.51,76.300003,PM2.5,12884
50.060001,82.739998,12.700000,44.919998,0.780000,56.470001,-2.760000,-0.200000,286.170013,53.560001,102623.093750,31.41,118.67,68.825005,PM2.5,12885
47.980000,77.269997,12.560000,43.369999,0.740000,57.270000,-2.930000,-0.430000,286.380005,52.810001,102654.882812,31.4,118.83,66.224998,PM2.5,12886
44.810001,77.870003,10.090000,39.900002,0.590000,63.099998,-1.790000,2.070000,286.390015,33.430000,101611.000000,31.82,115.99,63.935001,PM10,13118
47.110001,83.839996,10.570000,44.950001,0.630000,61.639999,-1.970000,1.960000,286.250000,35.540001,102082.773438,31.8,116.15,66.919998,PM10,13119
49.779999,91.050003,11.110000,52.320000,0.690000,59.400002,-2.280000,1.860000,286.070007,37.500000,102219.851562,31.79,116.31,70.525002,PM10,13120
50.750000,93.169998,11.060000,55.209999,0.710000,58.880001,-2.480000,1.970000,285.940002,38.040001,102182.367188,31.77,116.47,71.584999,PM10,13121
51.500000,95.199997,11.230000,59.869999,0.740000,58.110001,-2.460000,1.850000,285.779999,38.500000,102075.656250,31.76,116.63,74.837502,NO2,13122
52.020000,97.480003,11.920000,65.010002,0.770000,56.549999,-2.380000,1.670000,285.779999,38.700001,101941.531250,31.74,116.78,81.262505,NO2,13123
52.669998,99.709999,12.820000,68.949997,0.810000,55.049999,-2.210000,1.380000,285.850006,39.930000,101968.867188,31.73,116.94,86.187500,NO2,13124
54.060001,101.660004,13.770000,71.980003,0.860000,53.419998,-1.890000,1.150000,286.019989,42.220001,102173.617188,31.71,117.1,89.975006,NO2,13125
51.959999,90.720001,12.850000,69.050003,0.740000,59.490002,-1.820000,1.230000,286.529999,46.860001,102464.617188,31.7,117.26,86.312500,NO2,13126
49.779999,85.519997,12.990000,60.230000,0.690000,67.440002,-2.800000,1.720000,287.799988,49.900002,102486.429688,31.68,117.42,75.287498,NO2,13127
53.650002,96.750000,14.010000,68.610001,0.790000,57.130001,-2.980000,1.130000,286.149994,43.060001,102336.492188,31.67,117.58,85.762497,NO2,13128
55.180000,102.209999,15.330000,74.199997,0.870000,53.099998,-2.620000,0.910000,286.109985,45.869999,102259.601562,31.65,117.74,92.750000,NO2,13129
55.810001,104.029999,16.160000,74.139999,0.890000,52.580002,-2.870000,0.790000,286.100006,46.220001,101743.953125,31.63,117.9,92.675003,NO2,13130
55.570000,103.379997,16.790001,71.989998,0.900000,52.830002,-2.440000,0.400000,285.850006,49.419998,101563.898438,31.62,118.05,89.987495,NO2,13131
56.090000,104.589996,18.670000,73.879997,0.950000,50.330002,-2.350000,0.170000,286.359985,52.099998,102296.632812,31.6,118.21,92.349998,NO2,13132
52.540001,94.589996,18.370001,68.669998,0.900000,55.410000,-3.020000,0.390000,287.709991,52.660000,102645.320312,31.58,118.37,85.837494,NO2,13133
55.279999,102.739998,17.440001,60.380001,1.030000,50.209999,-2.950000,-0.100000,286.089996,48.150002,102557.000000,31.57,118.53,76.369995,PM10,13134
50.340000,87.330002,14.170000,49.610001,0.850000,54.639999,-2.510000,-0.090000,286.160004,52.869999,102548.851562,31.55,118.69,69.175003,PM2.5,13135
47.590000,78.029999,12.510000,43.820000,0.740000,57.320000,-2.610000,-0.260000,286.220001,52.320000,102554.726562,31.53,118.85,65.737503,PM2.5,13136
47.500000,83.610001,10.460000,43.529999,0.620000,61.119999,-2.060000,2.200000,286.220001,35.160000,102085.593750,31.95,116.01,66.805000,PM10,13369
49.070000,88.400002,10.780000,48.799999,0.660000,59.980000,-2.020000,2.000000,286.059998,36.740002,102162.718750,31.94,116.16,69.199997,PM10,13370
50.570000,93.680000,11.250000,55.770000,0.700000,58.200001,-2.150000,1.960000,286.029999,37.470001,102275.320312,31.92,116.32,71.839996,PM10,13371
51.060001,96.300003,11.500000,61.139999,0.740000,56.860001,-2.260000,2.020000,285.970001,37.720001,102243.406250,31.91,116.48,76.425003,NO2,13372
51.480000,99.209999,12.120000,66.110001,0.780000,55.130001,-2.300000,1.990000,285.910004,37.560001,102149.062500,31.89,116.64,82.637497,NO2,13373
52.189999,102.790001,13.140000,70.339996,0.840000,52.849998,-2.290000,1.920000,285.890015,38.529999,102053.562500,31.88,116.8,87.924995,NO2,13374
54.730000,111.529999,15.240000,73.010002,0.960000,48.889999,-2.130000,1.720000,285.910004,40.169998,101987.617188,31.86,116.96,91.262505,NO2,13375
57.849998,120.180000,17.480000,74.860001,1.100000,44.779999,-1.670000,1.390000,286.119995,41.580002,102095.796875,31.85,117.12,93.574997,NO2,13376
57.509998,114.489998,16.700001,78.809998,1.100000,44.119999,-1.760000,1.120000,286.619995,41.500000,102387.156250,31.83,117.28,98.512497,NO2,13377
56.230000,106.529999,15.990000,80.940002,0.950000,48.330002,-2.300000,1.500000,285.989990,46.299999,102322.828125,31.82,117.44,100.470001,NO2,13378
52.549999,95.419998,13.450000,68.779999,0.760000,56.959999,-2.350000,1.360000,286.010010,43.860001,102064.906250,31.8,117.6,85.974998,NO2,13379
53.380001,99.129997,14.300000,70.849998,0.800000,55.040001,-2.260000,1.000000,285.850006,46.520000,102244.078125,31.79,117.76,88.562500,NO2,13380
53.770000,101.230003,15.070000,71.320000,0.830000,54.000000,-2.310000,0.950000,285.829987,47.250000,102206.109375,31.77,117.92,89.150002,NO2,13381
54.299999,103.239998,15.910000,70.809998,0.860000,52.770000,-2.260000,0.680000,285.739990,48.529999,102022.320312,31.75,118.07,88.512497,NO2,13382
55.840000,109.959999,17.799999,73.309998,0.960000,48.520000,-2.130000,0.200000,285.809998,49.040001,102324.382812,31.74,118.23,91.637497,NO2,13383
54.810001,108.320000,17.860001,69.620003,1.000000,48.700001,-2.140000,0.080000,285.880005,49.369999,102604.250000,31.72,118.39,87.025002,NO2,13384
52.279999,101.029999,16.490000,61.779999,0.990000,50.560001,-2.230000,0.230000,286.059998,51.200001,102553.703125,31.7,118.55,77.224998,NO2,13385
48.919998,86.459999,10.720000,44.349998,0.630000,60.259998,-1.920000,2.230000,286.070007,36.869999,102055.109375,32.09,116.02,68.229996,PM10,13621
49.970001,90.459999,10.950000,49.400002,0.660000,59.590000,-1.830000,2.180000,286.049988,38.700001,102205.601562,32.07,116.18,70.229996,PM10,13622
50.669998,94.120003,11.350000,55.779999,0.700000,58.369999,-1.920000,2.160000,286.019989,39.990002,102330.359375,32.06,116.34,72.059998,PM10,13623
50.639999,96.160004,11.790000,61.599998,0.730000,56.930000,-2.000000,2.190000,286.000000,38.259998,102265.718750,32.04,116.5,77.000000,NO2,13624
50.630001,98.709999,12.760000,65.940002,0.780000,54.990002,-2.020000,2.140000,285.950012,38.009998,102232.523438,32.03,116.66,82.425003,NO2,13625
51.310001,102.940002,14.370000,69.489998,0.850000,52.150002,-2.070000,2.110000,286.000000,38.480000,102211.609375,32.01,116.82,86.862495,NO2,13626
53.270000,110.949997,17.139999,72.570000,0.960000,48.070000,-1.990000,1.940000,285.980011,40.279999,102054.531250,32.0,116.98,90.712502,NO2,13627
55.730000,119.419998,20.190001,76.000000,1.100000,42.720001,-1.780000,1.560000,285.959991,42.450001,102100.578125,31.98,117.14,95.000000,NO2,13628
56.799999,119.570000,21.209999,79.800003,1.150000,38.880001,-1.980000,1.270000,285.929993,44.020000,102323.062500,31.97,117.3,99.750000,NO2,13629
54.830002,107.809998,17.059999,80.139999,0.960000,45.820000,-2.130000,1.610000,285.839996,45.389999,102313.078125,31.95,117.46,100.070000,NO2,13630
51.570000,92.809998,12.730000,63.880001,0.710000,59.070000,-2.200000,1.470000,285.869995,44.939999,102169.406250,31.94,117.62,79.849998,NO2,13631
51.970001,93.959999,12.970000,60.509998,0.710000,60.470001,-2.200000,1.210000,285.730011,46.919998,102195.843750,31.92,117.78,75.637497,NO2,13632
51.779999,94.230003,13.360000,60.759998,0.720000,59.930000,-1.960000,0.960000,285.660004,47.810001,102366.789062,31.9,117.94,75.949997,NO2,13633
51.730000,94.660004,13.880000,62.910000,0.740000,57.790001,-1.840000,0.780000,285.630005,49.240002,102411.226562,31.89,118.09,78.637497,NO2,13634
51.570000,96.709999,14.480000,67.239998,0.790000,54.110001,-1.670000,0.530000,285.690002,49.860001,102328.289062,31.87,118.25,84.049995,NO2,13635
49.820000,94.540001,14.320000,65.070000,0.830000,52.599998,-1.680000,0.310000,285.829987,50.490002,102490.367188,31.85,118.41,81.337502,NO2,13636
50.060001,88.459999,11.060000,45.049999,0.640000,59.770000,-1.640000,2.390000,286.059998,36.970001,102047.671875,32.22,116.04,69.229996,PM10,13875
50.830002,91.889999,11.180000,49.750000,0.660000,59.419998,-1.510000,2.390000,286.070007,37.189999,102331.703125,32.21,116.2,70.945000,PM10,13876
51.009998,94.559998,11.490000,55.439999,0.700000,58.480000,-1.610000,2.900000,286.049988,33.730000,102458.406250,32.19,116.36,72.279999,PM10,13877
50.520000,95.580002,12.020000,60.529999,0.720000,57.400002,-1.810000,2.710000,286.089996,34.849998,102323.617188,32.18,116.52,75.662498,NO2,13878
50.180000,97.040001,13.000000,63.919998,0.760000,56.000000,-1.890000,2.950000,286.010010,33.110001,102276.679688,32.17,116.68,79.899994,NO2,13879
50.119999,98.339996,14.280000,65.860001,0.790000,54.799999,-1.910000,2.530000,286.010010,37.330002,102272.226562,32.15,116.84,82.324997,NO2,13880
50.599998,100.230003,15.760000,66.300003,0.830000,53.709999,-1.940000,2.140000,286.040009,40.130001,102124.156250,32.13,117.0,82.875000,NO2,13881
51.060001,101.059998,16.549999,65.269997,0.850000,53.580002,-1.960000,1.840000,285.910004,42.230000,102092.359375,32.12,117.16,81.587494,NO2,13882
50.880001,98.760002,15.890000,62.509998,0.810000,55.320000,-2.100000,1.690000,285.850006,43.270000,102128.679688,32.1,117.32,78.137497,NO2,13883
50.840000,94.559998,13.920000,60.439999,0.740000,58.880001,-2.000000,1.710000,285.790009,44.410000,102142.796875,32.09,117.48,75.549995,NO2,13884
50.330002,90.400002,12.240000,56.080002,0.670000,61.990002,-2.070000,1.560000,285.760010,45.630001,102168.617188,32.07,117.64,70.199997,PM10,13885
50.389999,90.389999,12.390000,55.849998,0.670000,61.980000,-2.200000,1.550000,285.720001,46.380001,102054.812500,32.06,117.8,70.195000,PM10,13886
50.599998,90.529999,12.600000,56.240002,0.670000,61.560001,-1.990000,1.190000,285.690002,46.500000,102006.546875,32.04,117.95,70.300003,NO2,13887
50.610001,90.660004,12.890000,58.529999,0.680000,59.750000,-1.690000,0.850000,285.649994,47.939999,102210.648438,32.02,118.11,73.162498,NO2,13888
50.189999,92.760002,13.130000,63.480000,0.730000,56.160000,-1.490000,0.670000,285.619995,49.299999,102378.382812,32.01,118.27,79.349998,NO2,13889
50.650002,88.559998,11.550000,45.220001,0.630000,60.200001,-1.310000,2.420000,286.119995,36.799999,102192.546875,32.36,116.06,69.562500,PM2.5,14132
50.959999,90.419998,12.190000,49.520000,0.650000,61.540001,-0.900000,2.360000,286.220001,37.880001,102396.726562,32.34,116.22,70.209999,PM10,14133
47.990002,84.580002,11.860000,46.750000,0.620000,67.879997,-1.350000,3.130000,287.670013,40.669998,102469.242188,32.33,116.38,67.290001,PM10,14134
50.139999,92.430000,12.310000,57.619999,0.690000,60.369999,-1.540000,3.080000,286.529999,35.529999,102360.937500,32.32,116.54,72.025002,NO2,14135
47.360001,85.559998,12.470000,55.200001,0.670000,67.169998,-1.710000,3.550000,287.809998,40.450001,102370.890625,32.3,116.7,69.000000,NO2,14136
47.939999,88.199997,13.610000,59.520000,0.700000,64.639999,-2.140000,3.370000,287.500000,41.270000,102421.937500,32.29,116.86,74.400002,NO2,14137
49.689999,95.690002,15.290000,63.630001,0.770000,56.380001,-1.950000,2.230000,285.950012,39.340000,102311.078125,32.27,117.02,79.537498,NO2,14138
49.720001,95.330002,15.290000,61.009998,0.770000,57.279999,-2.040000,2.180000,285.980011,41.849998,102133.687500,32.25,117.18,76.262497,NO2,14139
49.369999,93.230003,14.300000,57.900002,0.740000,59.150002,-2.070000,2.060000,285.829987,42.070000,101962.320312,32.24,117.34,72.375000,NO2,14140
49.340000,90.430000,12.930000,55.509998,0.690000,61.590000,-1.820000,1.890000,285.690002,43.480000,101926.476562,32.22,117.5,70.214996,PM10,14141
49.080002,88.110001,12.030000,52.020000,0.650000,63.290001,-1.870000,1.790000,285.670013,45.299999,102034.796875,32.21,117.65,69.055000,PM10,14142
49.360001,88.139999,12.090000,52.020000,0.650000,63.119999,-2.090000,1.900000,285.679993,46.119999,101896.531250,32.19,117.81,69.070000,PM10,14143
49.889999,88.290001,12.190000,52.340000,0.640000,62.950001,-1.990000,1.610000,285.600006,46.070000,101585.726562,32.17,117.97,69.145004,PM10,14144
50.009998,88.730003,12.320000,55.139999,0.650000,61.310001,-1.510000,1.190000,285.559998,47.509998,101786.609375,32.16,118.13,69.365005,PM10,14145
49.320000,91.800003,12.420000,61.820000,0.690000,57.180000,-1.170000,0.890000,285.549988,49.709999,102323.468750,32.14,118.29,77.275002,NO2,14146
47.209999,90.120003,12.470000,63.270000,0.730000,54.700001,-1.310000,0.900000,285.709991,50.470001,102449.703125,32.12,118.45,79.087502,NO2,14147
51.040001,87.389999,12.950000,41.450001,0.650000,58.610001,-1.220000,2.350000,286.230011,34.919998,102175.531250,32.55,115.43,70.050003,PM2.5,14385
52.619999,90.169998,12.720000,44.160000,0.660000,57.740002,-1.370000,2.530000,286.190002,35.529999,102335.101562,32.54,115.59,72.025002,PM2.5,14386
52.660000,90.129997,11.900000,44.150002,0.650000,57.980000,-1.480000,2.580000,286.109985,36.250000,102408.953125,32.52,115.75,72.074997,PM2.5,14387
53.080002,91.709999,12.000000,46.529999,0.650000,57.790001,-1.460000,2.510000,286.079987,36.220001,102392.406250,32.51,115.91,72.600006,PM2.5,14388
53.720001,94.269997,12.730000,51.029999,0.670000,57.930000,-1.250000,2.340000,286.070007,36.369999,102326.476562,32.49,116.07,73.400002,PM2.5,14389
54.040001,96.300003,14.170000,56.369999,0.690000,58.380001,-0.960000,2.240000,286.170013,37.220001,102332.117188,32.48,116.23,73.800003,PM2.5,14390
52.070000,93.309998,14.120000,56.900002,0.670000,61.090000,-1.060000,2.610000,286.549988,38.900002,102364.671875,32.47,116.39,71.654999,PM10,14391
50.959999,93.279999,13.230000,59.209999,0.690000,59.830002,-0.900000,3.410000,286.489990,32.119999,102377.726562,32.45,116.55,74.012497,NO2,14392
48.080002,86.760002,13.460000,58.020000,0.660000,63.930000,-0.850000,2.740000,287.140015,40.410000,102460.359375,32.44,116.71,72.525002,NO2,14393
46.660000,84.339996,13.580000,55.680000,0.670000,68.010002,-1.830000,3.310000,287.880005,43.099998,102480.093750,32.42,116.87,69.599998,NO2,14394
49.259998,93.190002,15.640000,62.419998,0.740000,57.580002,-2.160000,2.370000,285.760010,37.830002,102369.718750,32.41,117.03,78.024994,NO2,14395
48.689999,91.459999,14.780000,57.970001,0.730000,59.259998,-1.940000,2.380000,285.910004,41.959999,102254.843750,32.39,117.19,72.462502,NO2,14396
48.150002,89.019997,13.450000,53.580002,0.690000,61.810001,-1.900000,2.250000,285.750000,41.040001,102060.421875,32.37,117.35,69.509995,PM10,14397
48.099998,86.550003,12.430000,49.730000,0.650000,64.120003,-1.580000,1.970000,285.570007,42.590000,101899.937500,32.36,117.51,68.275002,PM10,14398
48.000000,85.150002,11.870000,47.119999,0.620000,65.230003,-1.530000,1.930000,285.529999,44.599998,102045.781250,32.34,117.67,67.574997,PM10,14399
48.470001,85.610001,11.880000,47.599998,0.620000,64.860001,-1.760000,2.130000,285.609985,45.919998,101932.031250,32.33,117.83,67.805000,PM10,14400
48.939999,85.510002,11.910000,48.330002,0.620000,64.959999,-1.710000,1.960000,285.600006,45.369999,101416.812500,32.31,117.99,67.755005,PM10,14401
49.070000,87.110001,12.000000,52.570000,0.630000,63.040001,-1.280000,1.670000,285.489990,47.200001,101507.156250,32.29,118.15,68.555000,PM10,14402
48.799999,92.639999,12.020000,60.259998,0.680000,58.360001,-0.900000,1.220000,285.470001,49.709999,102183.093750,32.28,118.31,75.324997,NO2,14403
47.630001,91.309998,12.370000,61.580002,0.710000,56.509998,-0.810000,1.070000,285.600006,50.919998,102534.328125,32.26,118.47,76.975006,NO2,14404
44.570000,92.519997,12.880000,63.919998,0.820000,49.490002,-0.930000,0.860000,285.799988,51.549999,102519.867188,32.24,118.63,79.899994,NO2,14405
50.930000,89.489998,13.110000,40.560001,0.680000,58.279999,-1.160000,2.920000,286.220001,34.180000,102033.812500,32.7,115.28,69.912498,PM2.5,14646
53.070000,92.320000,13.080000,43.540001,0.690000,57.529999,-1.070000,2.720000,286.130005,34.410000,102179.187500,32.68,115.45,72.587502,PM2.5,14647
55.360001,96.459999,13.150000,47.520000,0.720000,56.169998,-1.230000,2.680000,286.049988,35.169998,102379.703125,32.67,115.61,75.449997,PM2.5,14648
55.380001,95.970001,12.410000,47.369999,0.690000,56.599998,-1.320000,2.650000,285.989990,35.119999,102453.726562,32.66,115.77,75.474998,PM2.5,14649
56.380001,98.599998,12.900000,51.139999,0.700000,55.990002,-1.280000,2.560000,285.989990,34.630001,102407.507812,32.64,115.93,76.724998,PM2.5,14650
58.290001,103.519997,14.300000,56.790001,0.730000,55.439999,-1.150000,2.440000,285.980011,35.200001,102335.820312,32.63,116.09,79.112503,PM2.5,14651
59.410000,107.010002,17.090000,60.320000,0.750000,56.029999,-0.860000,2.330000,285.989990,36.369999,102318.343750,32.61,116.25,80.512497,PM2.5,14652
56.070000,101.529999,18.000000,59.750000,0.720000,58.970001,-0.410000,2.420000,286.209991,38.040001,102352.570312,32.6,116.41,76.337502,PM2.5,14653
49.830002,90.309998,16.580000,59.790001,0.670000,63.910000,-1.030000,3.280000,287.760010,41.250000,102409.460938,32.59,116.57,74.737503,NO2,14654
56.990002,108.589996,24.170000,62.029999,0.800000,51.990002,-1.800000,2.160000,286.279999,39.139999,102441.921875,32.57,116.73,79.294998,PM10,14655
53.900002,102.790001,22.040001,61.900002,0.790000,53.900002,-1.830000,2.450000,286.190002,42.150002,102384.632812,32.56,116.89,77.375000,NO2,14656
49.869999,94.279999,18.280001,62.520000,0.750000,55.779999,-1.860000,2.520000,285.760010,38.340000,102335.507812,32.54,117.05,78.150002,NO2,14657
47.709999,88.349998,14.890000,57.230000,0.700000,59.299999,-1.860000,2.520000,285.829987,41.029999,102237.242188,32.52,117.21,71.537498,NO2,14658
47.099998,85.690002,13.030000,50.410000,0.660000,63.000000,-1.820000,2.460000,285.730011,39.560001,101844.500000,32.51,117.37,67.845001,PM10,14659
47.119999,84.029999,12.330000,46.529999,0.630000,65.050003,-1.420000,2.150000,285.480011,41.380001,101593.953125,32.49,117.53,67.014999,PM10,14660
47.080002,83.089996,11.900000,44.200001,0.610000,66.190002,-1.190000,2.030000,285.420013,43.090000,101873.812500,32.48,117.69,66.544998,PM10,14661
47.660000,83.660004,11.850000,44.490002,0.610000,65.989998,-1.280000,2.210000,285.529999,45.090000,101941.273438,32.46,117.85,66.830002,PM10,14662
47.930000,83.570000,11.880000,45.750000,0.610000,65.959999,-1.360000,2.090000,285.570007,45.730000,101599.359375,32.44,118.01,66.785004,PM10,14663
48.080002,87.410004,12.080000,52.220001,0.640000,62.709999,-1.180000,1.960000,285.320007,48.279999,101700.796875,32.43,118.17,68.705002,PM10,14664
48.360001,94.339996,12.220000,59.529999,0.690000,58.590000,-0.800000,1.540000,285.339996,50.200001,102109.273438,32.41,118.33,74.412498,NO2,14665
48.939999,91.699997,12.720000,56.549999,0.680000,59.910000,-0.570000,1.150000,285.579987,50.619999,102365.289062,32.39,118.49,70.849998,PM10,14666
47.910000,91.540001,13.710000,57.160000,0.730000,55.080002,-0.750000,0.870000,285.690002,52.119999,102545.546875,32.38,118.65,71.449997,NO2,14667
52.959999,95.570000,13.140000,43.020000,0.740000,57.119999,-1.020000,3.410000,286.209991,33.290001,102080.906250,32.83,115.3,72.785004,PM10,14907
55.119999,98.000000,13.260000,46.369999,0.750000,56.160000,-0.960000,3.070000,286.019989,33.959999,102239.460938,32.82,115.46,75.150002,PM2.5,14908
57.240002,101.120003,13.690000,50.840000,0.760000,54.610001,-1.100000,2.980000,285.950012,33.750000,102394.828125,32.81,115.62,77.800003,PM2.5,14909
58.619999,103.360001,14.160000,54.090000,0.760000,53.610001,-1.150000,2.930000,285.950012,33.240002,102407.093750,32.79,115.78,79.525002,PM2.5,14910
59.650002,105.879997,14.730000,56.560001,0.760000,53.349998,-1.100000,2.760000,285.899994,34.099998,102355.992188,32.78,115.94,80.812500,PM2.5,14911
60.740002,109.269997,16.389999,58.410000,0.760000,53.970001,-1.020000,2.660000,285.880005,34.119999,102351.453125,32.76,116.11,82.175003,PM2.5,14912
61.709999,113.059998,20.709999,60.820000,0.790000,53.840000,-0.900000,2.520000,285.890015,36.070000,102358.093750,32.75,116.27,83.387497,PM2.5,14913
60.090000,112.430000,23.320000,62.119999,0.790000,53.779999,-0.900000,2.400000,286.000000,38.740002,102372.476562,32.74,116.43,81.362503,PM2.5,14914
58.450001,111.220001,25.570000,62.630001,0.790000,52.790001,-1.450000,2.620000,286.260010,41.119999,102390.062500,32.72,116.59,80.610001,PM10,14915
62.950001,122.199997,32.070000,62.779999,0.880000,44.840000,-1.830000,2.440000,285.899994,39.410000,102339.843750,32.71,116.75,86.099998,PM10,14916
59.160000,115.050003,29.330000,61.380001,0.860000,45.330002,-1.460000,2.290000,285.709991,40.240002,102310.109375,32.69,116.91,82.525002,PM10,14917
50.259998,94.680000,20.790001,59.930000,0.750000,53.919998,-1.310000,2.440000,285.660004,38.970001,102397.242188,32.68,117.07,74.912498,NO2,14918
46.990002,86.160004,15.250000,56.759998,0.690000,59.110001,-1.490000,2.730000,285.869995,39.369999,102185.757812,32.66,117.23,70.949997,NO2,14919
46.299999,83.309998,13.000000,48.509998,0.650000,63.400002,-1.470000,2.840000,285.779999,38.400002,101613.382812,32.64,117.39,66.654999,PM10,14920
46.310001,82.290001,12.580000,45.150002,0.630000,65.139999,-1.190000,2.590000,285.500000,40.299999,101456.570312,32.63,117.55,66.145004,PM10,14921
46.470001,81.690002,12.140000,42.660000,0.610000,66.470001,-0.930000,2.310000,285.399994,41.779999,101775.703125,32.61,117.71,65.845001,PM10,14922
47.200001,82.260002,12.050000,42.200001,0.600000,66.639999,-0.890000,2.280000,285.470001,43.660000,101996.671875,32.6,117.87,66.130005,PM10,14923
47.549999,82.220001,12.110000,42.880001,0.600000,66.660004,-1.150000,2.190000,285.480011,45.849998,101883.140625,32.58,118.03,66.110001,PM10,14924
48.110001,84.519997,12.440000,45.740002,0.610000,65.610001,-1.200000,2.200000,285.299988,48.340000,101776.960938,32.56,118.19,67.259995,PM10,14925
49.299999,88.389999,13.000000,49.230000,0.640000,64.400002,-0.810000,1.850000,285.380005,49.049999,101835.531250,32.55,118.35,69.195000,PM10,14926
49.500000,88.690002,13.120000,51.790001,0.650000,62.750000,-0.550000,1.370000,285.559998,49.970001,102026.671875,32.53,118.51,69.345001,PM10,14927
50.599998,96.150002,14.810000,46.930000,0.770000,54.669998,-0.830000,4.030000,286.359985,33.590000,102176.617188,32.99,114.99,73.074997,PM10,15163
52.340000,98.169998,13.920000,45.090000,0.780000,55.599998,-0.820000,3.980000,286.329987,32.200001,102107.593750,32.98,115.15,74.084999,PM10,15164
54.360001,100.629997,13.300000,45.740002,0.790000,55.840000,-0.870000,3.790000,286.149994,32.439999,102098.781250,32.97,115.32,75.315002,PM10,15165
56.529999,102.610001,13.610000,49.439999,0.790000,54.730000,-0.870000,3.460000,285.940002,33.070000,102205.460938,32.95,115.48,76.912498,PM2.5,15166
59.000000,106.099998,14.720000,55.290001,0.810000,52.529999,-0.970000,3.310000,285.859985,33.759998,102306.343750,32.94,115.64,80.000000,PM2.5,15167
62.389999,112.669998,17.080000,61.619999,0.840000,50.099998,-1.030000,3.220000,285.850006,33.770000,102312.179688,32.93,115.8,84.237503,PM2.5,15168
62.500000,112.949997,17.200001,61.330002,0.810000,51.009998,-0.950000,3.040000,285.790009,34.259998,102299.359375,32.91,115.96,84.375000,PM2.5,15169
61.150002,111.059998,17.309999,60.000000,0.770000,52.889999,-0.910000,2.940000,285.829987,33.669998,102319.046875,32.9,116.12,82.687500,PM2.5,15170
60.419998,111.239998,20.730000,62.919998,0.770000,52.939999,-0.980000,2.850000,285.809998,35.980000,102318.562500,32.89,116.28,81.774994,PM2.5,15171
59.450001,111.860001,23.309999,64.110001,0.770000,53.049999,-1.130000,2.750000,285.799988,38.090000,102325.382812,32.87,116.44,80.930000,PM10,15172
59.180000,113.510002,26.250000,63.410000,0.790000,51.310001,-1.440000,2.780000,285.820007,39.060001,102306.507812,32.86,116.61,81.755005,PM10,15173
61.730000,120.919998,30.379999,61.939999,0.860000,46.349998,-1.520000,2.890000,285.750000,38.389999,102224.171875,32.84,116.77,85.459999,PM10,15174
58.590000,115.180000,28.730000,60.070000,0.850000,46.820000,-1.120000,2.530000,285.549988,38.509998,102255.781250,32.83,116.93,82.589996,PM10,15175
50.830002,97.349998,22.290001,58.520000,0.760000,53.230000,-0.850000,2.320000,285.470001,38.889999,102390.773438,32.81,117.09,73.675003,PM10,15176
47.500000,89.900002,17.930000,58.290001,0.720000,57.980000,-0.930000,2.680000,285.709991,38.279999,102277.109375,32.8,117.25,72.862503,NO2,15177
46.020000,84.769997,14.830000,53.419998,0.680000,60.750000,-0.980000,2.830000,285.760010,37.490002,102047.843750,32.78,117.41,67.384995,PM10,15178
45.799999,81.599998,13.060000,45.570000,0.630000,64.459999,-0.940000,2.720000,285.559998,39.189999,102029.703125,32.76,117.57,65.800003,PM10,15179
46.130001,80.769997,12.400000,41.930000,0.610000,66.279999,-0.750000,2.470000,285.380005,40.980000,102041.093750,32.75,117.73,65.384995,PM10,15180
46.950001,81.320000,12.260000,40.970001,0.600000,66.669998,-0.590000,2.340000,285.410004,42.830002,102112.203125,32.73,117.89,65.660004,PM10,15181
47.090000,80.570000,12.290000,40.889999,0.590000,67.000000,-0.900000,2.300000,285.470001,45.709999,102066.500000,32.71,118.05,65.285004,PM10,15182
47.639999,82.169998,12.520000,42.509998,0.600000,66.449997,-1.110000,2.540000,285.440002,47.020000,101758.562500,32.7,118.21,66.084999,PM10,15183
49.029999,85.169998,13.000000,44.919998,0.620000,66.019997,-0.680000,2.160000,285.399994,48.360001,101676.500000,32.68,118.37,67.584999,PM10,15184
49.630001,86.290001,13.190000,49.070000,0.630000,64.190002,-0.370000,1.690000,285.480011,49.880001,101957.320312,32.66,118.53,68.287498,PM2.5,15185
50.330002,90.489998,13.960000,50.810001,0.670000,61.139999,-0.470000,1.400000,285.619995,51.279999,102280.273438,32.65,118.69,70.244995,PM10,15186
51.070000,94.040001,14.600000,50.930000,0.720000,56.830002,-0.570000,1.570000,285.839996,51.060001,102403.187500,32.63,118.85,72.020004,PM10,15187
50.080002,90.610001,13.800000,50.119999,0.700000,57.130001,-0.320000,1.480000,286.040009,50.049999,102470.937500,32.61,119.01,70.305000,PM10,15188
55.150002,104.089996,13.700000,48.669998,0.820000,54.389999,-0.690000,4.190000,286.089996,32.700001,102039.523438,33.1,115.33,77.044998,PM10,15424
57.290001,105.750000,14.230000,52.990002,0.820000,53.009998,-0.740000,3.930000,285.899994,33.230000,102089.859375,33.09,115.49,77.875000,PM10,15425
59.430000,108.120003,15.520000,59.360001,0.820000,50.650002,-0.820000,3.800000,285.790009,33.980000,102159.781250,33.08,115.65,80.537498,PM2.5,15426
60.910000,110.250000,17.350000,65.019997,0.820000,48.590000,-0.840000,3.660000,285.809998,32.650002,102192.562500,33.06,115.82,82.387497,PM2.5,15427
61.299999,111.339996,17.660000,64.029999,0.800000,49.889999,-0.770000,3.450000,285.769989,32.639999,102215.820312,33.05,115.98,82.875000,PM2.5,15428
60.439999,110.449997,17.990000,62.009998,0.770000,51.869999,-0.780000,3.320000,285.790009,33.439999,102230.820312,33.04,116.14,81.799995,PM2.5,15429
59.029999,109.129997,20.469999,64.349998,0.750000,52.119999,-0.910000,3.290000,285.760010,35.430000,102251.109375,33.02,116.3,80.437500,NO2,15430
58.490002,110.449997,22.709999,65.879997,0.760000,52.240002,-1.040000,3.220000,285.709991,37.110001,102287.421875,33.01,116.46,82.349998,NO2,15431
58.290001,112.260002,25.170000,65.459999,0.780000,51.090000,-1.160000,3.240000,285.709991,37.730000,102269.757812,32.99,116.62,81.824997,NO2,15432
59.500000,116.959999,27.610001,63.049999,0.830000,48.490002,-1.160000,3.230000,285.670013,37.400002,102191.257812,32.98,116.78,83.479996,PM10,15433
57.119999,113.099998,26.670000,60.630001,0.820000,48.919998,-0.920000,2.790000,285.420013,38.060001,102233.546875,32.96,116.95,81.550003,PM10,15434
51.680000,101.529999,23.670000,58.430000,0.780000,52.490002,-0.640000,2.400000,285.320007,38.290001,102318.929688,32.95,117.11,75.764999,PM10,15435
49.900002,101.559998,24.260000,55.080002,0.820000,56.049999,-0.580000,2.520000,285.450012,38.060001,102313.437500,32.93,117.27,75.779999,PM10,15436
47.160000,93.690002,20.020000,53.439999,0.770000,59.970001,-0.610000,2.480000,285.440002,38.130001,102358.773438,32.91,117.43,71.845001,PM10,15437
45.770000,82.900002,13.660000,48.310001,0.650000,62.869999,-0.690000,2.490000,285.369995,39.230000,102378.398438,32.9,117.59,66.449997,PM10,15438
45.959999,81.209999,12.650000,42.700001,0.620000,65.480003,-0.570000,2.440000,285.369995,39.910000,102201.820312,32.88,117.75,65.604996,PM10,15439
46.740002,81.930000,12.500000,41.570000,0.610000,65.879997,-0.280000,2.430000,285.459991,40.020000,102152.179688,32.87,117.91,65.964996,PM10,15440
46.770000,80.169998,12.470000,40.090000,0.590000,66.680000,-0.430000,2.970000,285.519989,40.330002,102308.242188,32.85,118.07,65.084999,PM10,15441
46.930000,80.440002,12.480000,40.970001,0.590000,66.360001,-0.710000,2.910000,285.670013,45.160000,102129.070312,32.83,118.23,65.220001,PM10,15442
51.919998,92.820000,14.230000,50.040001,0.690000,58.730000,-0.230000,1.700000,285.779999,50.770000,102493.257812,32.76,118.88,71.410004,PM10,15446
49.919998,88.080002,13.550000,47.380001,0.670000,60.330002,0.070000,1.520000,286.070007,49.500000,102596.031250,32.75,119.04,69.040001,PM10,15447
45.430000,76.160004,12.580000,40.299999,0.610000,67.790001,-0.540000,1.860000,287.589996,55.919998,102636.359375,32.73,119.2,63.080002,PM10,15448
55.560001,106.430000,14.030000,50.910000,0.840000,53.220001,-0.400000,4.670000,286.089996,32.500000,101964.898438,33.24,115.35,78.214996,PM10,15685
57.520000,107.559998,14.680000,55.500000,0.840000,51.759998,-0.500000,4.470000,285.929993,33.160000,102040.812500,33.23,115.51,78.779999,PM10,15686
58.880001,108.029999,16.070000,62.200001,0.830000,49.330002,-0.570000,4.360000,285.859985,32.290001,102132.843750,33.21,115.67,79.849998,PM2.5,15687
59.330002,107.730003,17.680000,68.050003,0.800000,47.169998,-0.650000,4.150000,285.839996,31.570000,102177.617188,33.2,115.83,85.062500,NO2,15688
60.040001,109.620003,18.000000,66.470001,0.790000,48.720001,-0.610000,3.890000,285.739990,33.080002,102198.453125,33.18,115.99,83.087502,NO2,15689
59.299999,108.809998,18.350000,63.470001,0.760000,51.060001,-0.580000,3.760000,285.769989,32.970001,102198.539062,33.17,116.16,80.375000,PM2.5,15690
57.590000,106.599998,20.059999,64.879997,0.740000,51.560001,-0.740000,3.710000,285.720001,34.669998,102239.460938,33.16,116.32,81.099998,NO2,15691
57.160000,107.970001,21.790001,66.540001,0.740000,51.669998,-0.830000,3.610000,285.660004,36.290001,102297.992188,33.14,116.48,83.175003,NO2,15692
56.709999,109.010002,23.490000,67.080002,0.760000,50.810001,-0.870000,3.560000,285.660004,36.980000,102300.070312,33.13,116.64,83.850006,NO2,15693
56.900002,110.769997,24.950001,65.040001,0.790000,49.040001,-0.870000,3.430000,285.589996,37.000000,102233.796875,33.11,116.8,81.300003,NO2,15694
55.200001,107.970001,24.400000,62.560001,0.790000,49.250000,-0.770000,3.080000,285.390015,36.570000,102219.382812,33.1,116.96,78.985001,PM10,15695
51.259998,99.410004,22.389999,60.669998,0.760000,51.930000,-0.510000,2.650000,285.239990,36.639999,102270.843750,33.08,117.13,75.837494,NO2,15696
49.090000,95.720001,21.660000,57.610001,0.770000,55.990002,-0.400000,2.540000,285.309998,36.770000,102332.296875,33.07,117.29,72.860001,PM10,15697
47.290001,90.349998,18.670000,55.400002,0.740000,58.630001,-0.430000,2.410000,285.320007,37.290001,102386.406250,33.05,117.45,70.175003,PM10,15698
46.189999,82.639999,13.810000,47.820000,0.650000,62.580002,-0.450000,2.440000,285.320007,38.369999,102366.296875,33.03,117.61,66.320000,PM10,15699
46.240002,82.320000,13.200000,44.580002,0.640000,64.169998,-0.290000,2.450000,285.369995,37.509998,102264.281250,33.02,117.77,66.160004,PM10,15700
46.639999,82.510002,13.020000,43.500000,0.630000,64.889999,0.340000,2.350000,285.579987,36.090000,102288.210938,33.0,117.93,66.255005,PM10,15701
44.060001,73.889999,12.150000,34.790001,0.560000,73.800003,-0.180000,2.930000,287.220001,45.770000,102506.656250,32.98,118.09,61.945000,PM10,15702
46.700001,79.540001,12.540000,40.360001,0.590000,65.570000,-0.760000,2.890000,285.609985,43.070000,102455.632812,32.97,118.25,64.770004,PM10,15703
52.570000,91.489998,13.900000,48.799999,0.680000,60.130001,-0.120000,1.850000,285.790009,50.029999,102549.218750,32.9,118.9,71.962502,PM2.5,15707
56.169998,109.019997,14.770000,53.880001,0.860000,51.750000,-0.070000,5.080000,286.179993,32.250000,102043.882812,33.37,115.36,79.509995,PM10,15945
57.360001,108.440002,15.010000,56.990002,0.840000,50.970001,-0.230000,4.900000,286.049988,32.009998,102145.546875,33.36,115.53,79.220001,PM10,15946
58.099998,107.669998,16.160000,63.139999,0.820000,48.619999,-0.320000,4.710000,285.929993,31.910000,102230.226562,33.35,115.69,78.925003,NO2,15947
58.060001,106.370003,17.690001,69.180000,0.800000,46.459999,-0.430000,4.440000,285.869995,31.770000,102261.703125,33.33,115.85,86.474998,NO2,15948
58.470001,107.440002,18.110001,67.510002,0.780000,48.220001,-0.420000,4.280000,285.820007,31.850000,102270.476562,33.32,116.01,84.387505,NO2,15949
57.740002,106.300003,18.480000,64.040001,0.750000,50.540001,-0.400000,4.080000,285.779999,32.340000,102269.273438,33.31,116.17,80.050003,NO2,15950
56.169998,104.000000,19.760000,64.699997,0.720000,51.180000,-0.570000,3.990000,285.700012,33.910000,102299.328125,33.29,116.34,80.875000,NO2,15951
55.910000,105.449997,21.170000,66.580002,0.730000,51.240002,-0.610000,3.860000,285.619995,35.540001,102336.546875,33.28,116.5,83.225006,NO2,15952
55.259998,105.800003,22.270000,67.769997,0.740000,50.520000,-0.610000,3.740000,285.589996,36.360001,102359.468750,33.26,116.66,84.712494,NO2,15953
55.040001,106.129997,23.059999,66.400002,0.750000,49.259998,-0.620000,3.570000,285.519989,36.099998,102318.328125,33.25,116.82,83.000000,NO2,15954
54.070000,104.550003,22.760000,63.959999,0.760000,49.160000,-0.610000,3.340000,285.369995,35.200001,102228.773438,33.23,116.98,79.949997,NO2,15955
51.110001,97.510002,21.150000,61.970001,0.740000,51.340000,-0.420000,2.890000,285.179993,35.389999,102271.757812,33.22,117.14,77.462502,NO2,15956
49.180000,92.529999,19.830000,58.299999,0.740000,55.400002,-0.280000,2.590000,285.109985,36.720001,102424.460938,33.2,117.31,72.875000,NO2,15957
47.680000,87.809998,17.219999,54.360001,0.710000,58.650002,-0.280000,2.450000,285.140015,36.799999,102486.953125,33.19,117.47,68.904999,PM10,15958
46.619999,82.419998,13.880000,47.060001,0.660000,62.349998,-0.270000,2.470000,285.239990,36.950001,102428.210938,33.17,117.63,66.209999,PM10,15959
47.029999,84.290001,13.960000,46.939999,0.670000,62.619999,-0.090000,2.390000,285.299988,36.849998,102409.187500,33.15,117.79,67.145004,PM10,15960
47.779999,84.779999,13.820000,46.340000,0.660000,62.990002,0.250000,2.130000,285.470001,36.990002,102479.437500,33.14,117.95,67.389999,PM10,15961
47.209999,80.519997,13.240000,41.970001,0.610000,65.870003,-0.040000,2.150000,285.760010,39.779999,102524.187500,33.12,118.11,65.262497,PM2.5,15962
56.180000,109.330002,15.350000,55.310001,0.850000,50.630001,0.210000,5.270000,286.170013,31.350000,102144.671875,33.51,115.38,79.665001,PM10,16205
56.799999,107.820000,15.180000,57.250000,0.830000,50.400002,-0.050000,5.080000,286.029999,31.240000,102250.117188,33.5,115.54,78.910004,PM10,16206
57.040001,106.400002,16.139999,63.049999,0.810000,48.270000,-0.160000,4.850000,285.859985,32.130001,102283.117188,33.48,115.7,78.812500,NO2,16207
56.560001,104.459999,17.670000,69.150002,0.780000,46.230000,-0.210000,4.560000,285.809998,32.150002,102318.382812,33.47,115.87,86.437500,NO2,16208
56.740002,104.809998,18.320000,67.650002,0.760000,47.849998,-0.240000,4.440000,285.790009,31.860001,102369.023438,33.46,116.03,84.562500,NO2,16209
55.950001,103.110001,18.830000,63.889999,0.730000,50.240002,-0.230000,4.220000,285.720001,31.910000,102376.843750,33.44,116.19,79.862503,NO2,16210
54.660000,101.000000,20.049999,63.980000,0.710000,50.939999,-0.400000,4.120000,285.630005,33.270000,102375.789062,33.43,116.35,79.974998,NO2,16211
54.650002,102.830002,21.559999,66.510002,0.720000,50.720001,-0.430000,4.000000,285.549988,34.889999,102375.593750,33.41,116.51,83.137505,NO2,16212
53.950001,102.750000,22.049999,68.120003,0.720000,50.080002,-0.410000,3.860000,285.500000,35.650002,102392.406250,33.4,116.68,85.150002,NO2,16213
53.529999,102.160004,21.879999,67.110001,0.730000,49.330002,-0.430000,3.660000,285.420013,35.419998,102368.062500,33.38,116.84,83.887497,NO2,16214
52.970001,101.269997,21.559999,64.690002,0.740000,49.130001,-0.470000,3.520000,285.320007,34.360001,102270.171875,33.37,117.0,80.862503,NO2,16215
50.820000,95.680000,20.200001,61.970001,0.730000,51.080002,-0.370000,3.110000,285.109985,34.560001,102288.359375,33.35,117.16,77.462502,NO2,16216
49.529999,91.660004,18.850000,57.099998,0.720000,55.290001,-0.220000,2.710000,284.970001,35.820000,102405.593750,33.34,117.32,71.375000,NO2,16217
48.200001,87.349998,16.510000,51.980000,0.700000,58.840000,-0.150000,2.530000,285.010010,35.849998,102443.023438,33.32,117.49,68.675003,PM10,16218
47.130001,82.900002,14.070000,45.980000,0.660000,61.910000,-0.120000,2.500000,285.119995,35.639999,102396.101562,33.3,117.65,66.449997,PM10,16219
48.020000,85.730003,14.540000,47.369999,0.690000,61.669998,0.030000,2.380000,285.179993,36.230000,102415.281250,33.29,117.81,67.865005,PM10,16220
56.450001,105.529999,16.110001,62.910000,0.800000,47.840000,-0.030000,5.000000,285.670013,32.419998,102210.867188,33.62,115.72,78.637497,NO2,16468
55.669998,103.120003,17.629999,68.809998,0.770000,45.980000,-0.030000,4.690000,285.579987,32.650002,102229.226562,33.6,115.88,86.012497,NO2,16469
56.020000,103.940002,18.770000,68.180000,0.760000,47.200001,-0.040000,4.530000,285.570007,32.230000,102340.921875,33.59,116.05,85.224998,NO2,16470
55.139999,101.639999,19.190001,63.990002,0.730000,49.799999,-0.050000,4.310000,285.529999,31.500000,102373.789062,33.58,116.21,79.987503,NO2,16471
53.959999,99.419998,20.129999,63.450001,0.700000,50.619999,-0.210000,4.240000,285.470001,32.830002,102355.757812,33.56,116.37,79.312500,NO2,16472
53.630001,100.180000,21.940001,66.980003,0.700000,49.849998,-0.230000,4.130000,285.429993,33.970001,102357.382812,33.55,116.53,83.725006,NO2,16473
53.099998,100.540001,22.940001,70.419998,0.710000,48.290001,-0.230000,4.000000,285.399994,34.880001,102370.242188,33.53,116.69,88.024994,NO2,16474
52.980000,100.980003,22.730000,70.339996,0.720000,47.060001,-0.270000,3.810000,285.299988,34.910000,102345.257812,33.52,116.86,87.924995,NO2,16475
52.730000,100.480003,21.389999,66.470001,0.730000,47.840000,-0.310000,3.690000,285.220001,33.840000,102264.968750,33.5,117.02,83.087502,NO2,16476
51.070000,95.660004,19.620001,61.650002,0.720000,50.490002,-0.260000,3.390000,285.079987,33.529999,102228.093750,33.49,117.18,77.062500,NO2,16477
50.080002,92.040001,18.180000,55.790001,0.710000,54.869999,-0.090000,3.020000,284.959991,34.209999,102263.226562,33.47,117.34,71.020004,PM10,16478
48.990002,88.300003,16.150000,50.500000,0.700000,58.340000,0.010000,2.770000,284.970001,34.430000,102309.046875,33.46,117.51,69.150002,PM10,16479
48.060001,84.470001,14.290000,45.400002,0.670000,61.080002,0.010000,2.670000,285.019989,35.119999,102294.750000,33.44,117.67,67.235001,PM10,16480
49.160000,87.349998,14.920000,47.160000,0.700000,60.869999,0.170000,2.570000,285.100006,35.439999,102315.312500,33.42,117.83,68.675003,PM10,16481
49.779999,86.830002,14.730000,47.049999,0.700000,61.360001,0.360000,2.360000,285.170013,36.000000,102431.539062,33.41,117.99,68.474998,PM2.5,16482
57.000000,108.839996,15.410000,58.259998,0.810000,48.439999,0.290000,5.310000,285.549988,32.389999,102139.500000,33.77,115.57,79.419998,PM10,16727
56.520000,105.989998,16.110001,63.119999,0.790000,47.049999,0.150000,5.310000,285.500000,32.369999,102109.187500,33.75,115.74,78.900002,NO2,16728
55.560001,103.110001,17.520000,68.500000,0.760000,45.450001,0.140000,5.020000,285.380005,32.689999,102104.632812,33.74,115.9,85.625000,NO2,16729
56.049999,104.230003,19.040001,68.750000,0.760000,46.240002,0.150000,4.770000,285.350006,32.320000,102226.023438,33.73,116.06,85.937500,NO2,16730
54.919998,101.029999,19.190001,64.239998,0.720000,48.910000,0.170000,4.510000,285.369995,31.580000,102298.218750,33.71,116.22,80.299995,NO2,16731
53.680000,98.300003,19.920000,63.060001,0.690000,50.000000,0.020000,4.460000,285.339996,32.060001,102290.867188,33.7,116.39,78.825005,NO2,16732
53.130001,98.279999,22.170000,67.949997,0.690000,48.389999,-0.020000,4.340000,285.299988,33.790001,102288.382812,33.68,116.55,84.937500,NO2,16733
52.799999,99.580002,24.240000,72.620003,0.710000,45.910000,-0.010000,4.170000,285.269989,34.000000,102309.218750,33.67,116.71,90.775002,NO2,16734
53.009998,101.379997,24.420000,72.589996,0.730000,44.169998,-0.090000,4.010000,285.190002,34.279999,102307.546875,33.65,116.88,90.737495,NO2,16735
53.130001,101.349998,21.730000,68.900002,0.740000,45.570000,-0.120000,3.920000,285.160004,33.110001,102248.523438,33.64,117.04,86.125000,NO2,16736
51.799999,96.620003,19.170000,61.099998,0.720000,49.610001,-0.060000,3.730000,285.070007,32.439999,102199.093750,33.62,117.2,76.375000,NO2,16737
50.830002,92.440002,17.400000,53.459999,0.710000,54.580002,0.070000,3.390000,284.959991,32.860001,102216.406250,33.61,117.36,71.220001,PM10,16738
50.330002,90.309998,15.950000,49.680000,0.710000,57.180000,0.170000,3.070000,284.920013,33.910000,102263.906250,33.59,117.52,70.154999,PM10,16739
49.689999,86.879997,14.410000,45.689999,0.690000,59.540001,0.170000,2.910000,284.959991,33.980000,102258.703125,33.57,117.69,68.440002,PM10,16740
50.480000,87.709999,14.530000,45.349998,0.710000,60.360001,0.280000,2.830000,285.049988,34.220001,102308.382812,33.56,117.85,69.349998,PM2.5,16741
50.720001,86.290001,14.390000,44.790001,0.700000,61.220001,0.430000,2.510000,285.029999,35.139999,102468.046875,33.54,118.01,69.650002,PM2.5,16742
57.860001,111.129997,15.780000,59.220001,0.810000,47.310001,0.510000,5.580000,285.420013,32.490002,102078.757812,33.9,115.59,80.565002,PM10,16985
57.520000,108.949997,16.740000,64.500000,0.800000,45.810001,0.430000,5.620000,285.429993,32.009998,102093.367188,33.89,115.75,80.625000,NO2,16986
56.480000,106.139999,18.270000,69.830002,0.770000,44.169998,0.350000,5.380000,285.359985,32.169998,102126.726562,33.88,115.92,87.287506,NO2,16987
53.110001,98.050003,22.719999,69.269997,0.690000,46.349998,0.160000,4.580000,285.209991,33.279999,102270.109375,33.82,116.57,86.587494,NO2,16991
53.970001,103.410004,27.250000,72.739998,0.750000,42.990002,0.160000,4.350000,285.140015,33.490002,102254.992188,33.8,116.73,90.924995,NO2,16992
54.849998,106.760002,27.809999,71.919998,0.780000,40.950001,0.100000,4.170000,285.019989,34.160000,102255.203125,33.79,116.89,89.899994,NO2,16993
54.369999,103.440002,21.980000,70.400002,0.750000,43.209999,0.100000,4.050000,285.019989,33.029999,102260.156250,33.77,117.06,88.000000,NO2,16994
53.090000,98.089996,18.600000,60.669998,0.720000,48.330002,0.120000,3.910000,285.029999,31.740000,102250.750000,33.76,117.22,75.837494,NO2,16995
52.060001,93.669998,16.670000,52.090000,0.710000,53.529999,0.190000,3.610000,284.920013,32.299999,102270.023438,33.74,117.38,71.834999,PM10,16996
52.029999,92.550003,15.680000,49.330002,0.720000,55.599998,0.280000,3.310000,284.880005,32.759998,102291.046875,33.73,117.54,71.287498,PM2.5,16997
51.470001,89.029999,14.330000,45.610001,0.710000,57.910000,0.290000,3.100000,284.890015,33.060001,102282.476562,33.71,117.71,70.587502,PM2.5,16998
51.759998,88.129997,14.140000,44.090000,0.710000,59.369999,0.350000,3.030000,284.950012,33.549999,102337.976562,33.69,117.87,70.949997,PM2.5,16999
51.520000,85.730003,13.990000,43.110001,0.700000,60.540001,0.480000,2.700000,284.869995,35.000000,102433.812500,33.68,118.03,70.650002,PM2.5,17000
57.790001,110.230003,16.860001,64.459999,0.790000,45.110001,0.690000,5.860000,285.410004,31.620001,102103.492188,34.02,115.77,80.574997,NO2,17244
56.560001,111.419998,31.950001,72.320000,0.820000,39.259998,0.290000,4.470000,285.029999,32.709999,102239.390625,33.94,116.75,90.400002,NO2,17250
59.220001,118.529999,33.660000,71.709999,0.890000,35.770000,0.200000,4.290000,284.890015,33.509998,102160.828125,33.92,116.91,89.637497,NO2,17251
56.290001,106.269997,22.020000,71.040001,0.770000,40.930000,0.240000,4.100000,284.779999,33.189999,102166.468750,33.91,117.07,88.800003,NO2,17252
55.090000,100.510002,18.110001,60.610001,0.730000,46.500000,0.290000,3.910000,284.809998,31.760000,102257.507812,33.89,117.24,75.762497,NO2,17253
54.020000,96.160004,16.139999,51.900002,0.710000,51.650002,0.300000,3.700000,284.760010,32.169998,102321.976562,33.88,117.4,73.775002,PM2.5,17254
53.860001,94.400002,15.150000,48.759998,0.730000,53.910000,0.380000,3.480000,284.760010,32.369999,102322.726562,33.86,117.56,73.574997,PM2.5,17255
53.970001,92.650002,14.500000,47.439999,0.740000,55.130001,0.440000,3.250000,284.750000,32.779999,102316.429688,33.84,117.73,73.712502,PM2.5,17256
54.360001,103.279999,25.549999,70.160004,0.730000,42.490002,0.470000,4.870000,284.950012,32.400002,102208.437500,34.09,116.6,87.700005,NO2,17507
57.560001,114.169998,31.309999,71.419998,0.850000,38.529999,0.390000,4.610000,284.880005,32.750000,102181.046875,34.07,116.77,89.274994,NO2,17508
61.060001,122.120003,33.090000,71.459999,0.910000,34.889999,0.320000,4.470000,284.790009,33.259998,102027.546875,34.06,116.93,89.324997,NO2,17509
58.759998,111.199997,23.670000,70.440002,0.810000,38.279999,0.420000,4.320000,284.679993,33.099998,101949.351562,34.04,117.09,88.050003,NO2,17510
57.130001,103.199997,18.420000,62.299999,0.750000,43.770000,0.480000,4.000000,284.640015,31.840000,102142.757812,34.03,117.26,77.875000,NO2,17511
55.980000,98.360001,16.020000,52.660000,0.730000,49.290001,0.450000,3.790000,284.640015,31.730000,102281.968750,34.01,117.42,76.224998,PM2.5,17512
55.040001,106.269997,26.420000,69.199997,0.760000,41.209999,0.660000,5.190000,284.989990,30.969999,102162.296875,34.22,116.62,86.500000,NO2,17764
58.459999,116.629997,30.510000,70.309998,0.870000,37.950001,0.590000,4.920000,284.869995,31.500000,102096.382812,34.21,116.79,87.887497,NO2,17765
62.480000,125.139999,32.450001,70.989998,0.940000,34.349998,0.570000,4.810000,284.820007,31.990000,101943.539062,34.19,116.95,88.737495,NO2,17766
53.139999,104.320000,20.760000,65.750000,0.740000,43.750000,1.050000,6.050000,285.190002,29.280001,102072.148438,34.39,116.31,82.187500,NO2,18019
52.959999,103.660004,22.350000,66.529999,0.740000,42.660000,1.010000,5.730000,285.119995,29.450001,102144.328125,34.37,116.48,83.162498,NO2,18020
54.680000,106.860001,25.180000,67.379997,0.770000,40.959999,0.880000,5.500000,285.049988,30.040001,102178.882812,34.36,116.64,84.224998,NO2,18021
58.419998,116.949997,29.100000,68.930000,0.870000,37.910000,0.860000,5.250000,284.940002,30.660000,102095.179688,34.34,116.8,86.162498,NO2,18022
51.959999,103.900002,20.049999,63.630001,0.750000,43.939999,1.260000,6.390000,285.190002,29.049999,102035.140625,34.52,116.33,79.537498,NO2,18276
51.750000,103.080002,21.540001,64.220001,0.750000,42.930000,1.200000,6.090000,285.130005,28.740000,102088.093750,34.51,116.49,80.275002,NO2,18277
