PM2.5(微克每立方米),PM10(微克每立方米),SO2(微克每立方米),NO2(微克每立方米),CO(毫克每立方米),O3(微克每立方米),U(m/s),V(m/s),TEMP(K),RH(%),PSFC(Pa),lat,lon,AQI,Major pollutants,id
42.509998,68.129997,14.050000,43.310001,0.580000,24.940001,1.130000,-0.640000,285.190002,27.150000,96286.562500,39.63,115.62,59.387497,PM2.5,27481
49.200001,83.559998,13.800000,55.020000,0.750000,18.250000,2.110000,0.310000,285.609985,27.180000,98968.296875,39.61,115.8,68.775002,NO2,27482
58.320000,103.930000,14.600000,62.759998,0.950000,13.520000,2.030000,2.090000,285.179993,28.480000,101265.789062,39.6,115.97,79.150002,PM2.5,27483
77.239998,141.070007,17.330000,69.989998,1.300000,11.240000,2.490000,4.650000,283.769989,30.170000,101700.281250,39.57,116.32,102.799995,PM2.5,27485
80.019997,145.759995,17.110001,71.269997,1.360000,11.240000,3.070000,5.060000,283.649994,30.320000,101718.351562,39.56,116.5,106.274994,PM2.5,27486
32.459999,49.730000,14.970000,32.189999,0.400000,31.490000,1.990000,-0.200000,284.480011,27.120001,93732.570312,39.77,115.47,49.730000,PM10,27733
35.270000,55.119999,14.040000,36.330002,0.450000,27.980000,2.870000,0.450000,283.940002,27.790001,92763.046875,39.76,115.64,52.559998,PM10,27734
40.080002,66.059998,12.950000,46.240002,0.560000,20.860001,3.890000,1.060000,285.100006,26.940001,95372.296875,39.75,115.82,58.029999,PM10,27735
47.730000,83.290001,12.500000,56.990002,0.750000,13.810000,2.660000,1.540000,285.850006,27.070000,99741.039062,39.73,115.99,71.237503,NO2,27736
60.310001,109.300003,13.190000,64.739998,1.020000,10.380000,1.470000,2.870000,284.739990,29.280001,101662.203125,39.72,116.17,81.637505,PM2.5,27737
70.639999,128.559998,14.290000,68.470001,1.190000,9.990000,1.850000,3.990000,283.809998,29.930000,101651.156250,39.7,116.34,94.550003,PM2.5,27738
75.510002,137.300003,14.240000,70.510002,1.280000,9.930000,2.910000,4.740000,283.640015,29.809999,101668.039062,39.69,116.52,100.637505,PM2.5,27739
76.800003,138.850006,14.250000,71.129997,1.310000,10.380000,3.610000,5.010000,283.679993,29.379999,101767.421875,39.68,116.69,102.250000,PM2.5,27740
28.200001,44.080002,14.840000,31.700001,0.370000,31.379999,4.320000,0.630000,283.570007,27.379999,91150.218750,39.89,115.66,44.080002,PM10,27991
31.360001,51.090000,13.360000,38.810001,0.440000,25.260000,3.060000,1.450000,285.230011,26.059999,94250.523438,39.88,115.83,50.544998,PM10,27992
40.410000,71.839996,11.240000,57.779999,0.650000,11.690000,1.800000,1.690000,285.790009,26.730000,98231.289062,39.87,116.01,72.224998,NO2,27993
54.439999,100.040001,8.720000,71.169998,0.980000,5.330000,1.230000,2.600000,285.190002,28.370001,100722.218750,39.85,116.18,88.962494,NO2,27994
63.450001,113.860001,7.200000,76.959999,1.150000,4.780000,1.440000,3.060000,284.640015,27.660000,101473.773438,39.84,116.36,96.199997,NO2,27995
70.000000,126.839996,9.490000,75.180000,1.230000,5.890000,2.510000,4.330000,283.920013,28.830000,101570.382812,39.82,116.53,93.974998,NO2,27996
72.510002,131.399994,10.950000,73.300003,1.260000,7.490000,3.500000,4.800000,283.739990,28.770000,101695.929688,39.81,116.71,96.887505,PM2.5,27997
72.809998,131.440002,11.950000,72.339996,1.270000,8.820000,3.860000,4.600000,283.709991,28.600000,101878.750000,39.79,116.88,97.262497,PM2.5,27998
28.440001,43.900002,17.030001,31.600000,0.360000,33.599998,10.340000,-2.030000,282.049988,28.219999,87785.640625,40.04,115.5,43.900002,PM10,28250
26.680000,43.130001,15.810000,32.750000,0.370000,30.120001,6.220000,-1.300000,284.609985,25.540001,91591.351562,40.03,115.68,43.130001,PM10,28251
29.230000,49.450001,13.660000,38.700001,0.430000,24.740000,2.290000,0.300000,285.420013,26.730000,95335.976562,40.02,115.85,49.450001,PM10,28252
36.709999,66.120003,10.570000,56.930000,0.590000,11.040000,1.310000,1.840000,285.730011,26.990000,98047.101562,40.0,116.03,71.162498,NO2,28253
49.240002,89.629997,6.890000,70.010002,0.880000,3.320000,1.380000,2.710000,285.649994,27.549999,100329.781250,39.99,116.2,87.512505,NO2,28254
57.259998,99.570000,3.890000,76.230003,1.020000,2.970000,1.520000,2.190000,285.690002,25.650000,101479.468750,39.97,116.38,95.287506,NO2,28255
64.440002,114.900002,5.760000,76.639999,1.150000,3.790000,2.080000,3.710000,284.559998,28.090000,101628.890625,39.96,116.55,95.800003,NO2,28256
67.680000,122.220001,7.580000,74.800003,1.200000,5.410000,2.840000,4.250000,284.049988,28.629999,101710.789062,39.94,116.73,93.500000,NO2,28257
30.299999,52.189999,14.950000,39.240002,0.440000,25.879999,5.760000,-1.560000,284.459991,29.160000,94277.593750,40.15,115.87,51.095001,PM10,28515
35.320000,63.500000,11.720000,50.230000,0.550000,15.710000,3.200000,0.750000,285.630005,28.520000,97869.843750,40.14,116.05,62.787498,NO2,28516
46.529999,83.690002,7.420000,61.349998,0.770000,6.480000,1.650000,1.710000,286.070007,28.270000,101158.351562,40.12,116.22,76.687500,NO2,28517
52.560001,92.750000,4.940000,67.209999,0.880000,3.800000,1.620000,1.350000,285.700012,27.559999,101772.476562,40.11,116.4,84.012497,NO2,28518
58.150002,103.279999,5.380000,70.449997,1.000000,3.610000,2.100000,2.690000,284.920013,28.740000,101770.500000,40.09,116.57,88.062500,NO2,28519
61.430000,110.470001,6.740000,70.470001,1.080000,5.020000,1.950000,3.330000,283.959991,29.959999,101792.289062,40.08,116.75,88.087502,NO2,28520
63.279999,115.370003,7.620000,70.959999,1.130000,6.130000,1.300000,2.980000,283.209991,30.059999,101720.546875,40.06,116.92,88.699997,NO2,28521
36.840000,67.110001,12.390000,48.889999,0.580000,16.129999,5.640000,-0.500000,284.890015,30.049999,96811.437500,40.27,116.06,61.112499,NO2,28778
45.750000,83.570000,8.170000,55.459999,0.740000,9.500000,2.290000,0.010000,285.630005,29.280001,100010.890625,40.26,116.24,69.324997,NO2,28779
50.099998,91.949997,5.610000,61.599998,0.850000,5.620000,1.030000,0.440000,285.029999,29.160000,101203.539062,40.24,116.42,77.000000,NO2,28780
56.470001,102.669998,5.180000,67.440002,0.990000,4.120000,0.440000,1.430000,284.390015,29.690001,101805.609375,40.23,116.59,84.300003,NO2,28781
59.599998,108.959999,6.430000,69.570000,1.080000,5.240000,-0.420000,2.690000,283.529999,30.490000,101689.703125,40.21,116.77,86.962502,NO2,28782
59.980000,110.760002,7.480000,69.879997,1.110000,6.750000,-0.680000,2.620000,283.040009,30.639999,100976.742188,40.2,116.94,87.349998,NO2,28783
58.250000,109.849998,8.190000,69.889999,1.120000,8.040000,-0.220000,1.540000,282.709991,30.309999,100442.609375,40.18,117.12,87.362503,NO2,28784
56.200001,106.570000,8.850000,69.129997,1.070000,9.350000,1.210000,0.940000,282.519989,29.540001,99559.460938,40.17,117.29,86.412498,NO2,28785
34.840000,63.849998,14.820000,48.240002,0.560000,22.549999,8.240000,0.190000,284.109985,29.559999,94289.156250,40.42,115.91,60.300003,NO2,29041
37.709999,69.430000,12.740000,47.720001,0.600000,17.920000,5.000000,0.160000,284.059998,30.500000,95629.078125,40.4,116.08,59.715000,PM10,29042
41.930000,76.139999,10.660000,48.500000,0.650000,15.600000,3.230000,-0.270000,283.809998,30.959999,96136.523438,40.39,116.26,63.070000,PM10,29043
44.130001,80.470001,8.970000,50.830002,0.700000,13.140000,2.460000,0.090000,283.959991,30.600000,97439.468750,40.38,116.43,65.235001,PM10,29044
51.910000,95.739998,7.070000,61.000000,0.900000,7.250000,1.220000,1.130000,283.940002,30.260000,99616.757812,40.36,116.61,76.250000,NO2,29045
56.389999,104.550003,7.020000,67.790001,1.030000,6.020000,-0.460000,2.730000,283.359985,30.160000,101062.320312,40.35,116.79,84.737503,NO2,29046
56.470001,104.730003,7.920000,67.620003,1.050000,7.660000,-1.050000,3.650000,283.190002,27.629999,100082.070312,40.33,116.96,84.525002,NO2,29047
53.900002,101.470001,8.590000,66.760002,1.040000,9.250000,0.210000,2.510000,282.359985,30.400000,98096.726562,40.32,117.14,83.450005,NO2,29048
34.840000,59.580002,15.080000,43.730000,0.530000,27.219999,7.540000,-0.360000,283.510010,29.590000,92466.437500,40.55,115.92,54.790001,PM10,29306
36.919998,65.949997,13.180000,43.500000,0.580000,22.010000,3.150000,1.050000,283.440002,31.070000,94668.046875,40.54,116.1,57.974998,PM10,29307
39.709999,70.489998,11.720000,43.480000,0.610000,19.930000,2.940000,1.450000,282.390015,32.650002,93575.710938,40.52,116.28,60.244999,PM10,29308
41.650002,74.919998,10.710000,45.639999,0.650000,17.180000,4.720000,1.470000,282.299988,32.360001,93172.507812,40.51,116.45,62.459999,PM10,29309
45.799999,83.339996,9.470000,51.419998,0.770000,12.730000,3.680000,2.170000,283.410004,31.070000,96265.906250,40.49,116.63,66.669998,PM10,29310
50.419998,92.529999,8.690000,56.959999,0.880000,10.170000,1.670000,2.490000,283.670013,30.610001,99843.242188,40.48,116.81,71.264999,PM10,29311
49.570000,87.930000,9.500000,58.509998,0.810000,12.860000,0.740000,3.950000,284.609985,39.450001,100063.617188,40.47,116.98,73.137497,NO2,29312
50.509998,94.599998,9.060000,63.779999,0.960000,10.180000,0.630000,4.160000,282.420013,33.610001,97412.156250,40.45,117.16,79.724998,NO2,29313
36.840000,64.389999,12.570000,39.230000,0.560000,23.170000,4.130000,2.610000,282.269989,32.209999,93376.210938,40.66,116.3,57.195000,PM10,29577
39.040001,69.070000,11.860000,41.840000,0.600000,19.990000,5.370000,3.100000,282.760010,31.230000,93697.023438,40.64,116.47,59.535000,PM10,29578
42.560001,76.800003,10.890000,45.700001,0.690000,16.379999,4.230000,2.940000,283.700012,30.260000,95888.453125,40.63,116.65,63.400002,PM10,29579
47.040001,84.839996,10.180000,48.500000,0.780000,14.430000,1.940000,2.280000,282.790009,31.900000,97614.609375,40.61,116.83,67.419998,PM10,29580
48.029999,86.949997,10.130000,56.650002,0.820000,11.820000,1.000000,2.830000,282.670013,36.970001,98855.398438,40.6,117.0,70.812500,NO2,29581
47.480000,89.180000,9.870000,61.220001,0.900000,11.130000,0.390000,4.520000,282.619995,34.410000,98018.867188,40.58,117.18,76.525002,NO2,29582
35.639999,60.080002,12.680000,36.369999,0.520000,24.370001,4.640000,2.290000,283.160004,30.120001,94458.898438,40.78,116.49,55.040001,PM10,29849
40.540001,71.529999,11.880000,41.220001,0.630000,19.520000,3.010000,2.320000,283.170013,31.190001,96116.593750,40.76,116.67,60.764999,PM10,29850
45.279999,80.000000,11.710000,44.889999,0.730000,16.820000,1.950000,2.800000,281.670013,33.529999,95631.476562,40.75,116.85,65.000000,PM10,29851
33.730000,53.250000,12.740000,29.340000,0.450000,29.530001,4.070000,1.030000,282.190002,30.559999,91952.851562,40.91,116.51,51.625000,PM10,30122
38.110001,64.220001,12.810000,36.119999,0.550000,23.430000,2.810000,2.070000,282.279999,31.730000,93869.609375,40.9,116.69,57.110001,PM10,30123
