PM2.5(微克每立方米),PM10(微克每立方米),SO2(微克每立方米),NO2(微克每立方米),CO(毫克每立方米),O3(微克每立方米),U(m/s),V(m/s),TEMP(K),RH(%),PSFC(Pa),lat,lon,AQI,Major pollutants,id
46.459999,66.739998,6.540000,10.060000,0.510000,145.070007,-0.630000,-0.370000,302.290009,56.810001,95342.773438,39.63,115.62,64.324997,PM2.5,27481
46.290001,72.330002,6.250000,17.469999,0.640000,147.690002,-0.850000,-0.760000,303.950012,53.959999,97832.703125,39.61,115.8,64.112503,PM2.5,27482
50.630001,77.709999,5.620000,21.430000,0.770000,150.610001,-1.070000,-1.360000,304.929993,53.310001,99943.343750,39.6,115.97,69.537498,PM2.5,27483
57.380001,90.980003,4.440000,29.740000,1.120000,139.000000,-1.730000,-0.950000,304.540009,57.900002,100320.671875,39.57,116.32,77.974998,PM2.5,27485
59.310001,95.699997,4.440000,29.330000,1.160000,135.639999,-1.570000,-0.760000,304.230011,60.680000,100333.078125,39.56,116.5,80.387505,PM2.5,27486
46.080002,62.490002,7.580000,5.260000,0.410000,137.029999,0.620000,0.110000,300.380005,60.290001,92965.593750,39.77,115.47,63.850002,PM2.5,27733
48.720001,68.550003,6.530000,8.550000,0.480000,144.529999,-0.250000,0.910000,299.929993,62.220001,92063.726562,39.76,115.64,67.150002,PM2.5,27734
48.730000,73.160004,6.080000,14.670000,0.600000,150.710007,-0.450000,0.530000,301.709991,58.680000,94511.906250,39.75,115.82,67.162498,PM2.5,27735
50.180000,76.139999,5.400000,18.870001,0.720000,154.929993,-0.460000,-0.710000,304.239990,53.639999,98557.898438,39.73,115.99,68.974998,PM2.5,27736
52.049999,80.660004,4.820000,28.490000,0.910000,150.279999,-0.810000,-1.110000,304.910004,53.810001,100306.703125,39.72,116.17,71.312500,PM2.5,27737
57.880001,88.959999,3.830000,28.860001,1.150000,142.710007,-1.550000,-0.730000,304.640015,56.150002,100286.500000,39.7,116.34,78.599998,PM2.5,27738
60.349998,95.849998,3.750000,28.959999,1.200000,139.000000,-1.550000,-0.580000,304.179993,60.610001,100300.976562,39.69,116.52,81.687500,PM2.5,27739
57.799999,94.279999,3.770000,28.540001,1.150000,136.940002,-1.300000,-0.270000,303.980011,62.619999,100389.226562,39.68,116.69,78.500000,PM2.5,27740
49.970001,67.970001,6.540000,7.340000,0.460000,146.470001,0.490000,2.110000,298.929993,64.199997,90570.218750,39.89,115.66,68.712502,PM2.5,27991
48.930000,69.669998,5.840000,10.750000,0.540000,154.539993,-0.350000,1.300000,301.019989,59.650002,93474.500000,39.88,115.83,67.412498,PM2.5,27992
49.080002,73.730003,5.360000,18.160000,0.680000,156.940002,-0.070000,0.050000,303.279999,55.200001,97171.507812,39.87,116.01,67.600006,PM2.5,27993
51.320000,79.970001,5.050000,31.570000,0.930000,151.089996,0.180000,-0.800000,304.450012,54.150002,99457.757812,39.85,116.18,70.400002,PM2.5,27994
58.630001,86.570000,3.400000,30.320000,1.170000,140.570007,-1.070000,-0.610000,304.970001,53.320000,100138.218750,39.84,116.36,79.537498,PM2.5,27995
60.560001,95.389999,3.090000,28.030001,1.220000,142.029999,-1.650000,-0.670000,303.989990,60.959999,100227.289062,39.82,116.53,81.950005,PM2.5,27996
56.459999,92.669998,3.100000,27.709999,1.140000,140.580002,-1.290000,-0.360000,303.890015,62.759998,100339.023438,39.81,116.71,76.824997,PM2.5,27997
56.150002,94.300003,3.340000,29.209999,1.100000,136.809998,-1.230000,0.170000,303.769989,64.080002,100500.937500,39.79,116.88,76.437500,PM2.5,27998
49.570000,66.419998,7.490000,5.150000,0.400000,136.570007,0.440000,4.460000,296.850006,67.449997,87435.757812,40.04,115.5,68.212502,PM2.5,28250
48.549999,66.720001,6.450000,6.960000,0.460000,147.789993,-0.150000,2.960000,299.390015,62.410000,91014.320312,40.03,115.68,66.937500,PM2.5,28251
47.910000,67.349998,5.610000,9.470000,0.520000,155.669998,-0.210000,1.330000,301.519989,58.090000,94494.656250,40.02,115.85,66.137497,PM2.5,28252
47.919998,72.339996,5.000000,15.030000,0.650000,158.899994,0.420000,0.000000,302.959991,55.889999,97006.882812,40.0,116.03,66.149994,PM2.5,28253
50.230000,78.440002,4.730000,27.370001,0.890000,150.169998,0.380000,-0.960000,304.049988,55.220001,99112.507812,39.99,116.2,69.037498,PM2.5,28254
56.930000,86.309998,3.300000,30.930000,1.090000,145.330002,-1.020000,-0.670000,304.739990,54.380001,100163.250000,39.97,116.38,77.412498,PM2.5,28255
59.200001,93.139999,2.870000,28.750000,1.160000,143.699997,-1.650000,-0.430000,303.850006,61.580002,100297.859375,39.96,116.55,80.250000,PM2.5,28256
55.070000,91.199997,2.790000,29.420000,1.110000,144.020004,-1.340000,-0.490000,303.829987,62.779999,100364.976562,39.94,116.73,75.087502,PM2.5,28257
47.880001,68.239998,5.260000,9.270000,0.530000,153.720001,-0.760000,0.930000,300.720001,60.000000,93524.906250,40.15,115.87,66.099998,PM2.5,28515
48.680000,72.709999,4.620000,12.340000,0.650000,155.570007,-0.200000,-0.920000,302.679993,57.410000,96857.343750,40.14,116.05,67.099998,PM2.5,28516
49.110001,75.820000,4.240000,17.090000,0.810000,151.869995,-0.670000,-1.400000,304.390015,55.459999,99880.710938,40.12,116.22,67.637497,PM2.5,28517
52.389999,82.360001,3.700000,25.190001,0.980000,146.830002,-1.530000,-0.470000,304.459991,57.389999,100440.117188,40.11,116.4,71.737503,PM2.5,28518
53.560001,84.800003,3.390000,26.940001,1.020000,144.309998,-1.740000,-0.200000,304.130005,60.660000,100435.921875,40.09,116.57,73.200005,PM2.5,28519
49.060001,82.910004,3.550000,21.559999,0.990000,140.600006,-1.730000,-0.660000,304.040009,61.939999,100443.992188,40.08,116.75,67.575005,PM2.5,28520
48.279999,84.080002,3.950000,22.830000,0.980000,137.910004,-1.830000,0.130000,303.940002,62.889999,100363.031250,40.06,116.92,67.040001,PM10,28521
48.009998,70.919998,4.410000,11.050000,0.630000,148.490005,-0.970000,-1.280000,301.679993,60.730000,95897.710938,40.27,116.06,66.262497,PM2.5,28778
47.950001,73.180000,4.170000,14.440000,0.750000,146.500000,-1.240000,-1.290000,303.880005,56.619999,98830.382812,40.26,116.24,66.187500,PM2.5,28779
48.910000,75.699997,3.920000,19.620001,0.880000,144.070007,-1.560000,-0.710000,304.630005,56.340000,99918.382812,40.24,116.42,67.387497,PM2.5,28780
47.770000,76.389999,3.720000,20.680000,0.930000,140.600006,-1.720000,-0.770000,304.750000,57.779999,100465.359375,40.23,116.59,65.962502,PM2.5,28781
45.459999,76.169998,3.810000,17.410000,0.920000,135.860001,-1.890000,-0.740000,304.299988,60.689999,100351.296875,40.21,116.77,63.084999,PM10,28782
44.220001,77.410004,4.280000,18.700001,0.910000,134.119995,-2.030000,0.340000,304.079987,61.660000,99686.343750,40.2,116.94,63.705002,PM10,28783
43.160000,75.389999,4.930000,19.049999,0.870000,128.250000,-2.500000,0.560000,304.000000,61.790001,99186.156250,40.18,117.12,62.695000,PM10,28784
42.730000,74.419998,5.940000,18.309999,0.820000,124.809998,-2.800000,0.040000,303.500000,63.070000,98373.156250,40.17,117.29,62.209999,PM10,28785
45.529999,66.540001,4.820000,9.030000,0.530000,142.059998,-1.670000,-0.280000,300.559998,60.730000,93557.343750,40.42,115.91,63.162498,PM2.5,29041
46.860001,67.959999,4.200000,8.650000,0.580000,141.960007,-1.580000,-0.840000,300.940002,62.259998,94798.421875,40.4,116.08,64.824997,PM2.5,29042
47.119999,68.839996,4.140000,8.890000,0.640000,143.649994,-1.650000,-0.410000,301.839996,60.520000,95263.656250,40.39,116.26,65.150002,PM2.5,29043
47.200001,70.220001,4.140000,10.060000,0.710000,140.160004,-1.280000,-0.610000,302.709991,59.709999,96470.359375,40.38,116.43,65.250000,PM2.5,29044
45.619999,71.610001,4.060000,14.080000,0.800000,134.839996,-0.950000,-0.890000,303.739990,59.480000,98466.890625,40.36,116.61,63.274998,PM2.5,29045
43.180000,71.870003,4.070000,13.960000,0.830000,129.539993,-1.200000,-0.830000,304.170013,60.759998,99781.937500,40.35,116.79,60.935001,PM10,29046
43.119999,73.089996,4.480000,15.710000,0.840000,128.869995,-1.830000,-0.010000,303.760010,62.520000,98876.531250,40.33,116.96,61.544998,PM10,29047
43.169998,73.459999,5.040000,16.020000,0.800000,124.089996,-2.360000,0.650000,302.980011,63.450001,97042.687500,40.32,117.14,61.730000,PM10,29048
46.360001,65.589996,4.810000,6.860000,0.500000,140.750000,-0.880000,0.010000,299.309998,63.520000,91894.656250,40.55,115.92,64.199997,PM2.5,29306
46.250000,66.470001,4.260000,7.360000,0.560000,139.050003,-1.010000,-0.200000,300.390015,63.209999,93917.953125,40.54,116.1,64.062500,PM2.5,29307
47.860001,68.160004,4.210000,7.340000,0.600000,138.899994,-1.730000,0.200000,300.070007,65.320000,92897.953125,40.52,116.28,66.074997,PM2.5,29308
48.990002,70.779999,4.210000,8.310000,0.650000,133.080002,-1.300000,-0.080000,299.799988,67.639999,92538.843750,40.51,116.45,67.487503,PM2.5,29309
45.740002,69.300003,4.410000,10.310000,0.710000,130.100006,-0.470000,-0.460000,301.679993,64.480003,95407.187500,40.49,116.63,63.425003,PM2.5,29310
41.490002,68.459999,4.360000,11.630000,0.750000,123.959999,-0.690000,-1.020000,303.489990,62.160000,98680.039062,40.48,116.81,59.230000,PM10,29311
43.080002,72.800003,4.480000,16.240000,0.850000,134.259995,-1.210000,-0.630000,302.839996,65.589996,98878.523438,40.47,116.98,61.400002,PM10,29312
41.900002,70.809998,5.020000,14.020000,0.750000,118.139999,-1.990000,0.980000,302.540009,64.820000,96424.218750,40.45,117.16,60.404999,PM10,29313
46.259998,65.839996,4.230000,6.490000,0.570000,132.770004,-1.500000,0.090000,299.910004,66.120003,92735.117188,40.66,116.3,64.074997,PM2.5,29577
46.000000,66.379997,4.330000,7.210000,0.600000,126.680000,-1.150000,0.140000,299.869995,68.410004,93048.109375,40.64,116.47,63.750000,PM2.5,29578
43.959999,65.860001,4.440000,8.260000,0.630000,122.139999,-0.640000,-0.220000,301.130005,66.680000,95079.367188,40.63,116.65,61.199997,PM2.5,29579
41.369999,65.089996,4.490000,9.380000,0.660000,117.930000,-0.800000,-0.610000,302.239990,65.150002,96642.296875,40.61,116.83,57.962498,PM2.5,29580
40.570000,66.959999,4.620000,12.130000,0.720000,116.779999,-0.730000,-0.480000,302.839996,65.000000,97769.937500,40.6,117.0,58.480000,PM10,29581
39.980000,67.209999,5.080000,13.140000,0.710000,111.599998,-1.690000,0.840000,302.970001,63.750000,96990.437500,40.58,117.18,58.605000,PM10,29582
42.040001,61.630001,4.510000,6.470000,0.560000,123.080002,-1.140000,-0.430000,300.730011,65.349998,93769.367188,40.78,116.49,58.800003,PM2.5,29849
41.080002,61.570000,4.590000,7.410000,0.580000,117.230003,-1.180000,-0.410000,301.480011,65.790001,95291.593750,40.76,116.67,57.600002,PM2.5,29850
40.590000,62.439999,4.700000,8.430000,0.610000,114.040001,-1.230000,-0.230000,301.190002,67.980003,94826.976562,40.75,116.85,56.987499,PM2.5,29851
42.529999,61.139999,4.730000,5.870000,0.530000,117.839996,-1.040000,-0.390000,299.000000,70.419998,91454.593750,40.91,116.51,59.412498,PM2.5,30122
40.400002,59.740002,4.970000,6.550000,0.540000,114.930000,-0.740000,-0.260000,300.190002,69.010002,93225.773438,40.9,116.69,56.750000,PM2.5,30123
21.549999,32.840000,3.320000,11.480000,0.350000,90.440002,-0.330000,0.280000,294.230011,67.059998,95979.921875,39.63,115.62,32.840000,PM10,27481
18.670000,32.680000,3.720000,16.400000,0.400000,85.250000,-0.160000,-0.180000,295.869995,64.199997,98558.523438,39.61,115.8,32.680000,PM10,27482
16.360001,31.809999,3.650000,20.030001,0.450000,82.000000,-0.280000,-1.070000,296.799988,63.549999,100747.382812,39.6,115.97,31.809999,PM10,27483
15.340000,33.060001,2.780000,31.670000,0.590000,75.150002,-0.890000,-0.750000,296.260010,69.580002,101141.132812,39.57,116.32,39.587502,NO2,27485
17.340000,35.049999,2.390000,33.880001,0.610000,75.839996,-1.040000,-1.020000,296.170013,70.830002,101151.250000,39.56,116.5,42.350002,NO2,27486
19.740000,28.500000,3.160000,6.830000,0.290000,95.769997,-0.050000,0.560000,292.779999,67.339996,93515.203125,39.77,115.47,28.500000,PM10,27733
22.469999,33.270000,3.060000,9.560000,0.330000,95.440002,-0.140000,1.090000,292.130005,71.970001,92582.390625,39.76,115.64,33.270000,PM10,27734
20.620001,34.000000,3.360000,13.360000,0.380000,90.300003,0.140000,0.590000,293.739990,69.019997,95114.687500,39.75,115.82,34.000000,PM10,27735
16.780001,31.490000,3.450000,16.860001,0.430000,85.489998,0.240000,-0.550000,296.130005,64.260002,99307.640625,39.73,115.99,31.490000,PM10,27736
14.520000,31.309999,3.350000,24.320000,0.520000,80.500000,0.030000,-0.980000,296.649994,64.949997,101124.656250,39.72,116.17,31.309999,PM10,27737
14.670000,32.090000,2.620000,30.700001,0.590000,76.769997,-0.610000,-0.440000,296.429993,67.860001,101103.406250,39.7,116.34,38.375000,NO2,27738
16.590000,34.349998,2.250000,32.900002,0.610000,76.120003,-0.990000,-0.710000,296.239990,70.269997,101114.882812,39.69,116.52,41.125000,NO2,27739
18.000000,35.450001,2.260000,33.279999,0.610000,77.589996,-0.880000,-0.650000,296.179993,71.389999,101204.148438,39.68,116.69,41.599998,NO2,27740
21.590000,31.629999,2.900000,8.360000,0.320000,98.230003,0.560000,1.440000,291.209991,74.250000,91037.343750,39.89,115.66,31.629999,PM10,27991
19.120001,30.799999,3.000000,11.000000,0.350000,95.010002,0.440000,0.850000,293.049988,70.459999,94039.773438,39.88,115.83,30.799999,PM10,27992
16.639999,31.320000,3.420000,15.910000,0.420000,85.360001,0.450000,0.090000,295.149994,66.589996,97869.070312,39.87,116.01,31.320000,PM10,27993
14.660000,32.790001,3.920000,30.700001,0.550000,80.639999,0.580000,-0.350000,296.279999,65.389999,100240.117188,39.85,116.18,38.375000,NO2,27994
14.530000,31.309999,2.650000,32.349998,0.620000,78.919998,-0.410000,-0.070000,297.040009,63.590000,100945.382812,39.84,116.36,40.437500,NO2,27995
16.020000,33.849998,2.190000,32.150002,0.610000,78.349998,-1.140000,-0.410000,296.269989,70.070000,101034.828125,39.82,116.53,40.187500,NO2,27996
17.040001,34.720001,2.240000,31.650000,0.590000,77.440002,-0.860000,-0.530000,296.239990,71.110001,101148.828125,39.81,116.71,39.562500,NO2,27997
18.309999,36.599998,2.950000,32.849998,0.610000,79.459999,-0.800000,-0.160000,296.230011,71.779999,101314.406250,39.79,116.88,41.062500,NO2,27998
21.639999,30.930000,3.070000,6.120000,0.290000,100.930000,-0.000000,2.490000,289.359985,78.699997,87803.078125,40.04,115.5,30.930000,PM10,28250
20.400000,30.809999,2.850000,8.100000,0.320000,98.169998,0.300000,1.370000,291.510010,74.120003,91496.671875,40.03,115.68,30.809999,PM10,28251
17.540001,29.110001,2.840000,10.060000,0.350000,95.639999,0.180000,0.530000,293.500000,69.860001,95094.992188,40.02,115.85,29.110001,PM10,28252
15.750000,30.690001,3.240000,14.560000,0.410000,86.150002,0.280000,0.320000,294.880005,67.790001,97696.460938,40.0,116.03,30.690001,PM10,28253
14.090000,32.369999,3.710000,30.160000,0.520000,79.169998,0.610000,0.080000,296.049988,66.290001,99878.109375,39.99,116.2,37.700001,NO2,28254
14.160000,31.120001,2.560000,31.400000,0.570000,76.870003,-0.520000,-0.260000,297.079987,63.889999,100967.117188,39.97,116.38,39.250000,NO2,28255
15.430000,33.290001,2.220000,30.430000,0.580000,78.669998,-1.330000,-0.240000,296.380005,69.830002,101103.281250,39.96,116.55,38.037498,NO2,28256
16.549999,34.660000,2.340000,28.719999,0.570000,77.510002,-0.920000,-0.560000,296.350006,70.910004,101171.843750,39.94,116.73,35.899998,NO2,28257
17.219999,28.740000,2.750000,8.930000,0.340000,94.160004,-1.010000,0.220000,292.799988,73.120003,94087.500000,40.15,115.87,28.740000,PM10,28515
14.090000,28.500000,3.030000,12.250000,0.390000,87.650002,-0.370000,-0.220000,294.829987,68.320000,97537.843750,40.14,116.05,28.500000,PM10,28516
12.450000,29.740000,3.060000,21.200001,0.460000,79.379997,-0.340000,-0.280000,296.510010,65.809998,100673.007812,40.12,116.22,29.740000,PM10,28517
12.800000,30.190001,2.580000,23.730000,0.490000,77.870003,-1.170000,-0.540000,296.690002,67.480003,101251.906250,40.11,116.4,30.190001,PM10,28518
14.140000,31.190001,2.410000,24.799999,0.510000,77.059998,-1.510000,-0.520000,296.609985,68.989998,101244.718750,40.09,116.57,31.190001,PM10,28519
15.280000,32.049999,2.670000,26.049999,0.510000,76.160004,-1.300000,-0.820000,296.510010,70.400002,101251.539062,40.08,116.75,32.562500,NO2,28520
17.309999,34.099998,3.340000,27.870001,0.530000,75.800003,-1.380000,-0.300000,296.670013,69.860001,101165.351562,40.06,116.92,34.837502,NO2,28521
14.980000,29.280001,3.040000,10.680000,0.370000,84.690002,-1.360000,-0.480000,294.100006,71.269997,96541.859375,40.27,116.06,29.280001,PM10,28778
12.300000,28.500000,3.020000,16.709999,0.420000,76.940002,-1.370000,-0.400000,296.209991,66.559998,99580.578125,40.26,116.24,28.500000,PM10,28779
11.970000,27.770000,2.690000,18.430000,0.440000,75.230003,-1.510000,-0.910000,296.929993,65.370003,100706.570312,40.24,116.42,27.770000,PM10,28780
12.930000,28.860001,2.580000,21.690001,0.460000,74.209999,-1.570000,-1.440000,297.010010,66.300003,101274.929688,40.23,116.59,28.860001,PM10,28781
14.800000,30.180000,2.750000,22.740000,0.460000,74.150002,-1.580000,-1.150000,296.700012,68.360001,101156.023438,40.21,116.77,30.180000,PM10,28782
16.620001,31.840000,3.220000,24.360001,0.480000,73.199997,-1.710000,-0.240000,296.730011,68.120003,100464.937500,40.2,116.94,31.840000,PM10,28783
18.000000,33.099998,3.700000,24.750000,0.490000,71.430000,-1.930000,-0.060000,296.579987,67.199997,99948.218750,40.18,117.12,33.099998,PM10,28784
19.200001,33.400002,4.420000,22.389999,0.480000,73.709999,-1.910000,-0.080000,296.250000,66.849998,99106.968750,40.17,117.29,33.400002,PM10,28785
16.559999,28.410000,2.880000,8.590000,0.330000,89.300003,-2.250000,-0.690000,292.779999,73.879997,94121.812500,40.42,115.91,28.410000,PM10,29041
15.580000,27.709999,2.780000,8.610000,0.340000,86.180000,-2.140000,-0.190000,293.510010,73.120003,95402.976562,40.4,116.08,27.709999,PM10,29042
14.060000,26.170000,2.790000,8.560000,0.340000,83.330002,-2.000000,0.200000,294.209991,71.449997,95885.593750,40.39,116.26,26.170000,PM10,29043
13.760000,25.700001,2.720000,10.490000,0.350000,80.110001,-1.370000,-0.840000,295.029999,69.129997,97133.820312,40.38,116.43,25.700001,PM10,29044
13.230000,26.959999,2.710000,16.450001,0.400000,74.620003,-0.770000,-1.570000,296.029999,67.120003,99203.953125,40.36,116.61,26.959999,PM10,29045
14.740000,28.379999,2.840000,18.549999,0.420000,73.209999,-0.740000,-1.310000,296.489990,67.300003,100569.351562,40.35,116.79,28.379999,PM10,29046
16.910000,30.170000,3.170000,20.510000,0.430000,71.639999,-1.420000,-0.310000,296.549988,67.419998,99628.296875,40.33,116.96,30.170000,PM10,29047
18.170000,31.100000,3.510000,20.860001,0.430000,69.449997,-1.830000,0.550000,295.579987,68.269997,97731.460938,40.32,117.14,31.100000,PM10,29048
16.870001,27.410000,2.910000,7.320000,0.300000,91.519997,-1.420000,-0.300000,291.730011,77.139999,92401.281250,40.55,115.92,27.410000,PM10,29306
15.330000,26.510000,2.760000,7.760000,0.310000,86.830002,-1.850000,-0.000000,292.950012,74.190002,94493.289062,40.54,116.1,26.510000,PM10,29307
15.070000,25.700001,2.730000,7.240000,0.310000,83.650002,-2.200000,0.480000,292.589996,75.629997,93439.539062,40.52,116.28,25.700001,PM10,29308
15.930000,26.900000,2.710000,8.790000,0.330000,78.870003,-1.360000,-0.100000,292.179993,76.820000,93067.718750,40.51,116.45,26.900000,PM10,29309
14.560000,26.320000,2.800000,12.480000,0.350000,74.720001,-0.280000,-0.750000,294.010010,71.430000,96036.289062,40.49,116.63,26.320000,PM10,29310
14.750000,26.730000,2.910000,15.010000,0.370000,72.389999,-0.100000,-1.390000,295.920013,67.269997,99427.523438,40.48,116.81,26.730000,PM10,29311
17.180000,30.100000,3.210000,18.270000,0.410000,74.860001,-0.480000,-1.190000,296.209991,69.940002,99630.281250,40.47,116.98,30.100000,PM10,29312
17.840000,29.200001,3.370000,17.209999,0.390000,66.830002,-1.280000,0.820000,295.250000,68.290001,97093.617188,40.45,117.16,29.200001,PM10,29313
14.630000,23.969999,2.630000,6.770000,0.290000,82.669998,-1.960000,0.040000,292.359985,74.610001,93273.203125,40.66,116.3,23.969999,PM10,29577
14.880000,24.520000,2.700000,8.040000,0.300000,78.080002,-1.260000,0.100000,292.399994,74.690002,93596.828125,40.64,116.47,24.520000,PM10,29578
14.700000,24.930000,2.770000,10.150000,0.320000,73.629997,-0.610000,-0.350000,293.589996,71.349998,95699.093750,40.63,116.65,24.930000,PM10,29579
15.240000,25.469999,2.880000,11.950000,0.330000,70.430000,-0.510000,-1.020000,294.630005,68.940002,97317.546875,40.61,116.83,25.469999,PM10,29580
16.500000,27.809999,3.150000,13.830000,0.360000,68.790001,-0.380000,-1.320000,295.140015,68.529999,98487.320312,40.6,117.0,27.809999,PM10,29581
16.469999,27.379999,3.340000,14.390000,0.360000,64.489998,-0.890000,0.210000,295.459991,67.209999,97682.617188,40.58,117.18,27.379999,PM10,29582
13.360000,21.830000,2.750000,7.590000,0.280000,78.550003,-0.960000,-0.800000,293.190002,70.389999,94343.007812,40.78,116.49,21.830000,PM10,29849
13.730000,22.809999,2.860000,9.060000,0.300000,73.629997,-0.890000,-0.740000,293.929993,68.989998,95919.250000,40.76,116.67,22.809999,PM10,29850
14.760000,24.129999,2.980000,10.100000,0.310000,69.839996,-0.770000,-0.570000,293.519989,70.739998,95439.937500,40.75,116.85,24.129999,PM10,29851
13.260000,21.020000,2.760000,6.260000,0.270000,78.709999,-0.660000,-1.010000,291.600006,74.320000,91947.789062,40.91,116.51,21.020000,PM10,30122
13.280000,21.700001,3.000000,7.570000,0.280000,75.059998,-0.260000,-0.720000,292.769989,70.849998,93778.531250,40.9,116.69,21.700001,PM10,30123
